antiquewhite2_01	1.46357283347408	1.27706019661504	0.697600826572411	0.309651323993914	0.302160424159883	0.433569454629446	0.718065914602876	1.16608620520555	1.53589522111242	1.89426258198589	1.90694237820864	1.82398020510596	1.58322855020947	1.43369301770072
darkviolet_02	0.744803060323417	0.512600676540324	0.376186351616286	0.438268831429019	0.567257644903429	1.10814314211958	1.78113847807237	2.76068350532388	2.2127834144315	1.88270757628851	1.54722832174433	1.25639942228267	1.00887442271835	0.701845290501555
coral4_01	1.11815293284494	0.882905523516093	0.558416153552155	0.309350307815522	0.318749509499662	0.643385554022296	1.13513005530726	1.87207719787803	2.2268638748473	2.15877188328162	1.80485932716143	1.44501632616805	1.23849694746201	0.926309009263732
darkviolet_01	1.49714264433698	1.93730452351261	2.64199859898458	2.46431315413706	1.77641467661015	0.92868718545797	0.535060717700503	0.354269758407996	0.45476034797188	0.497671138488201	0.635431497736218	0.756621201659625	1.06615433326559	1.49569007961775
antiquewhite2_02	0.654430287393316	0.633557733589326	1.02681669511636	3.13674058188619	3.65370370228908	2.25459006967302	1.60363382030296	0.940455798750933	0.701366157226211	0.552462621134901	0.571437497928163	0.606042392135314	0.614374948537631	0.688373778757221
cornflowerblue_02	0.638178136239246	0.52654998777519	0.505932831965287	0.740617913312627	1.51222600864039	2.61138756860147	2.70243528949165	2.4231387345306	1.69598186324062	1.1772848514965	0.894917277194977	0.645869819421308	0.598033531682562	0.4672149557096
coral4_02	0.952154017192062	1.09106165843501	1.76270612034559	3.26876494940923	3.20744908335315	1.64908190844625	0.937789838235494	0.514272920312116	0.539979700873359	0.48432850871919	0.569732140098111	0.632292614483964	0.751686748768042	0.941590201337653
cornflowerblue_01	1.69231778825976	1.68241301798656	1.86325889545596	1.45352804632353	0.643838573853171	0.392691449221394	0.362312353684699	0.433289054263375	0.58259795038665	0.837365973555371	1.19155836561681	1.62138707505195	1.72661672991037	2.02016098633742
lavender_02	0.799078349731716	0.638495102943753	0.475451326590935	0.341173327350014	0.591023576858529	1.53714687631672	2.11397737528447	2.62046654655678	2.35115505964633	1.8646252122742	1.33605001438398	0.895897206147532	0.834007434694337	0.553340674217781
lightskyblue4_02	1.43651385670453	1.18062908906177	0.914290868332511	0.596224304413339	0.300044223104287	0.334973000318404	0.542660373208767	0.952203706732706	1.10275398894049	1.48400581960195	1.75076121248486	2.15701882633073	1.93446558706361	1.82707411268346
lightskyblue4_01	0.722118056802612	0.787470696118428	1.00693900418285	1.91556678726269	3.29963290127843	2.95394327623781	1.89380388773408	1.02914540443405	0.844531905503198	0.613967481087435	0.56582581883348	0.495439610793148	0.513172636380654	0.562123719085737
lavender_01	1.38213368430897	1.46678408339667	2.09746569748448	2.78292221222006	1.63408894789825	0.638449826715557	0.474157616064184	0.364097362055362	0.46622916409522	0.5648995243041	0.81731398952058	1.14483902331369	1.18890692398007	1.52813060805839
darkolivegreen1_01	1.01702004992598	2.13954654364941	1.31784241209293	0.949010681019182	0.920227807671434	0.916053994142076	0.535742403004886	0.219784531058558	0.459018826205123	0.576817028450671	1.01125728846743	2.36351559738035	3.20869774531556	1.82316963561233
blue1_02	1.84560882837518	1.9796634545129	1.57434003119237	0.764817710713049	0.39584362412367	0.363563169242867	0.403747243837679	0.550734531979272	0.781980179309744	1.13610226267182	1.3737042972193	1.71512358525692	1.78648283467819	1.88430779953202
antiquewhite4_01	1.45964553057618	1.15546366167727	0.915104099859675	0.618105323676385	0.293396851606565	0.365954924855626	0.72412397672709	1.63384672438661	2.70061687338848	2.20135764427448	1.7752771459445	1.29276337206873	0.954824076464476	0.753492180097577
blue1_01	0.55724254040239	0.458579313752087	0.573511649734756	1.49438596046638	2.40081673028249	2.64283855697298	2.55140791029391	1.86801580074431	1.27899608226305	0.887496869380089	0.769384409854952	0.620962528150736	0.575685017068622	0.499273806734001
plum3_01	0.791397907539454	0.669273935938699	0.952473871408441	1.31263402783019	1.07367554340139	2.00531604975428	2.08536724942475	3.0277547157415	1.90162552948183	1.21361759645536	0.673476671716181	0.358944621013214	0.521138470137867	0.391293060690721
darkseagreen3_01	0.712542110064401	0.344352395524252	0.328860710564721	0.399881979010861	0.719793927190584	1.03233418019294	1.52943267393267	1.76608763290417	1.54434300284683	1.97730132140857	1.90207381255453	2.11099365559424	1.42844519867826	0.935721561595744
plum3_02	1.19979239524995	1.50217284710276	0.943923127565163	0.692780908142063	0.707328557972404	0.576184024543005	0.47491362010675	0.385072414545754	0.467930905105444	1.13022815038467	1.38103658188178	2.53657238000716	2.37895159503596	2.91645084926299
antiquewhite4_02	0.841737821015669	0.620986150918035	1.17114015372977	1.82787345670144	3.0772025033552	2.54980640093697	1.29818943959949	0.553261419658537	0.330247850900889	0.486275194484851	0.693079716248324	0.959360810740836	0.984018675437847	1.30117648787052
darkseagreen3_02	1.44901406596094	2.95339066105377	3.05981313409643	2.40401312202626	1.43613156218967	0.819546063160692	0.634612895732931	0.532384121687033	0.644013820080765	0.486635298419331	0.548364517884629	0.504797459583368	0.790339353688503	0.9989627586331
lightskyblue3_01	1.72475940861073	1.7879164367691	1.86251387581506	1.59361997452123	1.7643925800646	0.592130778922381	0.287919727283091	0.2178589770239	0.6121949938597	0.848868870560868	1.12538143480645	1.4780501125883	1.14852132965466	1.32085488613554
lightskyblue3_02	0.62281200576428	0.62115846397709	0.611779462880483	0.495940228232793	0.573296237005679	1.55880189332241	3.45515092650456	4.23495692729012	1.46686244694283	1.18205183397469	0.950592286392183	0.744729343384898	0.743239123228802	0.743906553778942
lightpink_01	0.676760722888065	0.962093094297242	0.856937086717969	0.82020065330764	0.321867030927444	0.614678358706117	1.48221216784224	0.551842641226883	0.962940304462568	1.96195715487829	2.02896605342394	5.0048954294079	1.61517756039316	0.477469108220211
green3_01	0.985100878565934	0.727403278779983	1.44490935569098	0.766932979710607	0.226843209019459	0.449496170886664	0.547660383465328	1.40874135785381	0.721799078576177	1.65195694989561	1.42517981023522	0.965450045239633	2.83295688936468	3.44426984758511
