Probe	1	3	5	7	9	11	13	15	17	19	21	23	25	27
1	1.73434305811013	1.35945212937683	1.07901677797564	0.481204922112353	0.264816724011123	0.403813854512187	0.535400109296701	1.0911596727786	1.43883593223513	2.0169485680847	2.10019407490908	1.78337096604984	1.41498843844045	0.804215158566646
2	0.590925435131603	0.696696570597801	0.816201918328901	2.25826057268724	3.98858661112369	2.56671993387835	1.75945913399956	0.851489457915908	0.704391485227106	0.516820987541067	0.500448423240371	0.582976745488671	0.639288968614652	1.18669288559749
3	0.780752029577419	2.02664110599507	1.004923812739	0.344869147709572	2.80902108638187	0.82337697441839	1.16602419562617	2.59589063808797	0.660207399596276	1.38062539539919	1.75174037244673	0.950662789155102	0.437253328453563	0.334980712315876
4	1.96769861979876	1.71673923511853	1.62374924967851	1.91005389025581	0.413768109403515	0.24540571973043	0.565834758080307	0.565178514814805	1.00312344774125	0.793403464336328	1.041568210738	1.56532486034139	1.36801284106962	1.67115646145164
5	0.551364549270657	0.604978048961495	0.588496370645647	0.540622319898456	2.47239556103633	3.85275957517987	1.72223710081565	1.78858645215325	1.03591541867922	1.26701861351582	1.01209106516514	0.630855788879061	0.697095132444677	0.529878277010743
6	0.541137367531158	0.442726589089865	0.454940828689004	0.914370787601828	1.87443874870024	2.44159859620025	3.16275941972254	2.08568256849049	1.66990187548604	0.920441108730286	0.719011249558677	0.701623780521714	0.586164445922747	0.750066772066817
7	1.80812497741541	2.42709212428238	2.26419558911911	1.16460681095326	0.549879941966992	0.429396129423008	0.304617630728982	0.4842592275176	0.616433859960621	1.09228936911813	1.4495852682364	1.33643737559121	1.5439998056292	1.18519160691907
8	1.80839748419305	1.46358704277476	1.35668944126293	0.283643117113402	1.58484640494457	1.9421164123691	0.320086659814145	1.10620381494168	0.564241261389696	1.88129308305401	1.81890983254744	0.745226886149341	1.31360125786075	0.547370014294853
9	0.768575688560479	0.720051297279624	0.88419190100982	3.70571148950837	0.60528619607173	0.422663083621845	2.33717757119086	0.683302056820841	1.76003291934958	0.429640359551702	0.730596894356585	1.25122839267188	0.847463539187789	2.10210202729757
10	1.29233808042341	2.1254193297279	2.27125624174805	2.23341940076827	1.5375293764643	0.677333256583228	0.372536443122717	0.35867678994153	0.45619370072281	0.626145589970303	0.849046914975838	0.94959589570565	1.38157247173886	1.62036723440545
11	0.781052807123013	0.488824793354868	0.416455954442011	0.459021293260446	0.6711685074765	1.73658024738824	3.20161272875958	2.7111408427264	2.09273415123168	1.34469685044418	1.07025919510474	0.93516748801678	0.717199592635267	0.626766510912102
12	2.08573222605566	1.96721725099469	1.91123574164031	1.28585264018587	0.447861243686808	0.320743999648279	0.416444134325463	0.54105028340984	0.727469522199706	0.945271236946544	1.19772026577582	1.52468284347223	1.54838629638734	1.60542431694007
13	0.526973129703679	0.52021905765635	0.580557055414495	0.808969896183771	2.62111175791266	3.10566037451068	2.38283362305736	1.92395439594598	1.1947846642178	0.917027089172119	0.80257906295342	0.62420852259091	0.613261996569688	0.599660743967802
14	1.33094872461897	1.50095889454686	1.3207148551671	3.58492047657955	0.823373826152128	0.3166790852068	0.768328085088229	0.437757657309814	0.935774530399589	0.470529357678658	0.647486839031566	1.41387480017488	1.0708424320335	2.23644896631662
15	1.32477568448488	0.840413067379689	1.00270922407482	0.249025013328472	1.5895382604992	2.83895599713223	0.492985458592787	1.40465686144265	0.827679020492677	2.18293263193463	1.70044216076185	0.697555829600196	1.21863250420236	0.391065056289646
16	0.198931824511277	2.78299433343556	1.27766896974713	1.56765483393662	3.16083608024054	1.48481229681371	0.754496623063263	0.611973281905596	0.608122021206934	0.668523536379495	0.923620048802937	0.624250866960685	1.45094397127662	1.09112639421892
17	1.2975408192225	1.61534684941069	1.49509461734624	0.30604602106158	0.266991673864581	0.659074579434678	0.497959980465693	1.41803556953222	0.750683309076969	2.28426753237512	2.53465907778789	1.21271527570861	2.14606768538612	0.741853889566261
18	0.553560651958297	0.527103347915872	0.676728110856157	4.78039270388418	3.20452134507593	1.22936203702972	2.04755906438903	0.629502538198145	0.951997065453132	0.724385707738057	0.46826816564119	0.680050494775281	0.620574462248108	1.53090821419535
19	0.308866117840416	1.37813904998901	1.09949249070731	0.414020170414561	2.02714874374274	2.6426732434661	0.407194189180079	1.02024057569625	0.982374895596359	1.51291623903988	2.81266622055002	1.20978126146979	1.18367015618004	0.387384096967364
20	2.04438736367816	0.666060367763012	1.03876629342063	2.16013804934096	0.669093870672182	0.215626014445091	1.40716455383168	1.10097667860628	1.70460925425676	0.479504915074608	0.438525513830606	1.57932218689409	0.909688817898909	2.84338904603224
21	2.55026245725177	0.879603247043576	0.690759332603436	1.44314235971335	0.578181901243674	0.82837890437234	0.172471568354112	2.00778936253076	1.33648007333964	1.69757596066105	2.37469086374308	0.482127854920543	0.962237776161113	1.07874740918298
22	1.33261293718826	0.545022832442951	0.904037406150031	2.06236417398615	0.332328074161252	0.328629817797428	2.33051371189609	1.12817763797593	2.12713440043637	0.721348651463018	0.599557248208143	1.66608819250526	0.942908758631887	1.91187300174745
23	0.859285735293412	1.67277421122354	1.23017558240857	0.424450475231506	3.01498434139303	2.87945322563155	0.371847277632126	0.891052549770678	0.525605858186023	1.46544150270903	1.55231110777287	0.686530910939336	0.988088898575287	0.486554662577988
24	1.23532465461653	1.17709840880992	1.35144249564219	1.15134689994418	0.214856298107852	0.338013248494311	0.689365609457128	0.869460910503943	1.48608765423905	1.30786485454934	1.73724759369657	2.01308755101504	1.54605248771211	0.958320526266496
25	0.846885602894841	0.74965475952695	0.583566454398694	0.955122119471422	5.29817586950751	3.08435822782716	1.90009924511688	1.2266711556311	0.579114992408948	0.766260533979102	0.613046151921659	0.489789453136457	0.65389108795713	0.85653534440436
26	0.577004134334942	0.507952710434168	0.532492760010222	1.7831989165132	3.02931250877176	1.80044068870558	3.08793581226404	1.61609835587001	1.15896441034137	0.59253440594427	0.46139397156926	0.619657667937181	0.571368501038155	1.07839076145161
27	1.70335415858057	2.15069414277004	1.83998296994683	0.614636713266555	0.41202746233782	0.488573754470104	0.30074609068376	0.64670066200427	0.767566190403372	1.73487998783837	2.09000041078414	1.46327302396094	1.75047342171641	0.89992520985269
28	0.88349482309497	2.29122315557895	0.291235335657176	0.731108222938739	0.60918756418064	0.62232731123462	0.761563565026766	0.735403560810864	0.664947503055223	1.47552647082668	0.968088182471225	1.24100670723109	1.85002790581579	4.1508994489481
29	1.15952657222724	0.47941035729759	2.24898427389647	1.79583044511152	1.44045840679616	1.67451246443669	1.49084249534611	1.15171754739671	1.24058899404321	0.595562616687604	1.11768632587796	1.95816987089893	0.333944312112966	0.199156081700524
30	3.04826099300129	2.11987795740402	1.45998464608521	1.16487222663854	1.17053519822675	0.327503768256195	0.644328769970558	0.452792471238458	0.432465863140491	0.668149604305157	0.699763223148719	1.07211040784768	1.33530182403475	2.81065342933938
31	0.293799581177241	0.641582766511556	0.664007121353096	0.924080631009863	0.788060866966521	3.79472673995973	2.12029333442803	1.51837975915207	2.05618027867315	1.20985440606058	1.37829465040125	0.697039619595028	0.62368153296397	0.369240798811911
32	1.13048391913163	3.27486496701994	0.878205490650763	1.94120146917513	4.17637205030625	0.295493904209952	0.910325252710449	1.10121012751536	0.677251594103607	0.532724392295142	0.594683856232288	0.737937747282121	0.879306044311417	0.878490962626105
33	1.47978439977221	0.885718974638166	1.13876849765466	0.543148745465426	0.182249443244645	0.822926265938971	0.344716691464465	1.45242560479494	1.3805295072967	2.09066731475473	2.31972127951571	1.67490373733531	1.62367225358009	0.902221946768206
34	0.59723533229235	0.416942878647737	0.457379482840656	1.44775723182627	1.10508751516758	2.11062317964438	4.99075856595226	1.46388932290475	2.14522097919644	0.789918733854797	0.549748663965533	0.881206603429644	0.450618521842459	0.962094942139435
35	1.82383247979667	1.76163533508819	1.94126091065853	0.704034417358189	0.56907709125395	0.656720661902221	0.245471249214569	0.499357361186875	0.393494003181328	2.36060031409489	1.80077590180618	1.27135854108905	2.02859961792832	1.15231903384759
36	0.396528931176018	1.8849662598873	3.15609012812381	2.71520446079143	0.764335821093502	0.325653441204577	1.58626923034995	0.536901773984709	0.574984900392528	1.50788830091937	0.819692846563526	0.515391931798705	1.5680688954469	1.23338032726602
37	0.11749938536163	1.1108509718622	0.661529033946365	0.786996252743211	1.12008902954612	1.41979984627976	1.23922751489804	1.37815088841049	1.18029160658765	1.42832647034655	1.18406989302535	0.803851498529252	1.67513348710385	1.84155856192878
38	1.55177560217836	2.01342191494963	2.35217696821495	1.88696914058186	1.38626898638042	0.74189698862656	0.340214925661382	0.386058607235749	0.383394395265497	0.657224490997691	0.940604260427297	1.00547156771823	1.38974419816667	1.5410615194841
39	0.631418616347815	0.485485956811503	0.419202079683141	0.579417356351697	0.608743551633047	1.34288200696671	2.99811148270226	2.40914997210179	2.655864911329	1.43674051245438	1.18282885011319	1.01226931236402	0.747672002250337	0.594724705284606
40	0.679649194575864	0.319183440199105	0.605918957607355	1.30548142894276	3.44681254580254	4.89193974221885	0.964874596225169	1.44380097303093	0.653182589013349	1.27511494965922	0.714077537493408	0.555135092938192	0.780502663215582	0.962742749104779
41	1.23683830313351	0.372634506174789	0.32968460396993	0.447774823420444	1.10100107852691	1.64659633919117	2.56935318040713	3.2958347110736	2.40690412719112	1.10100107852691	0.757372263606261	0.763580841378554	0.568318735922301	1.09920480720854
