Time
-2
0
2
4
6
8
10
12
14
16
18
20
22
24
antiquewhite3_01
0.794389296069478
0.443025350386876
0.109717297925148
-1.05527669536846
-1.91693385912431
-1.30823768572085
-0.901310661396545
0.125862231148638
0.524902093644962
1.01217429589178
1.0705226507351
0.834606834882707
0.500790265161207
-0.314346565286242
antiquewhite3_02
-0.758951996891687
-0.521397633064877
-0.29300199350436
1.17521196318549
1.99587760600548
1.35992588568822
0.815132005783595
-0.231939426529744
-0.505550625091998
-0.952263437381417
-0.998706703887181
-0.77848975835231
-0.645459895558724
0.246946615894906
antiquewhite4_01
-0.35706368032775
1.01909062731282
0.00708612911557826
-1.53587902505442
1.49006745433415
-0.280374990358467
0.221597725543307
1.37622960552058
-0.599008786528327
0.465321926756005
0.808788967211089
-0.0729944033132478
-1.19345872863598
-1.57785006512984
aquamarine_01
0.976509268940446
0.779670917166643
0.699328859015517
0.933613343029622
-1.27310563910068
-2.02675922025263
-0.821547293604071
-0.823221472030957
0.00449915977365048
-0.333873397971437
0.0587573224041079
0.646462098542477
0.452081772373312
0.740846811551871
aquamarine_02
-0.858921584586029
-0.725045298333056
-0.764894576934897
-0.887307019303892
1.30590957992987
1.9458921599092
0.784283772597602
0.838819853350425
0.0509062134168371
0.34143771897731
0.0173391055968448
-0.664617846331224
-0.520572541030833
-0.916267111290353
aquamarine1_01
-0.885933226713351
-1.17551207406924
-1.13624917970398
-0.129148781946506
0.906458683246603
1.28782603780625
1.66118381915798
1.06051960286616
0.739763331496463
-0.119602676257011
-0.475913751822857
-0.511230448217416
-0.770622631545213
-0.414909062689855
aquamarine1_02
0.854494400134732
1.27922886939673
1.17899858858684
0.2198429612027
-0.862811432679252
-1.21961890808611
-1.71492865001171
-1.04614855536798
-0.69798198537791
0.127355105423153
0.535640198831304
0.418392235605095
0.626672570988245
0.245120314824671
bisque1_01
0.854711815722013
0.549508548579102
0.440090512336442
-1.81785123890547
0.66434302865355
0.95762967990954
-1.6434655436553
0.1456172225669
-0.825615924841762
0.91172462107322
0.863074027123049
-0.424248370400334
0.393527413705663
-0.869411690898815
bisque1_02
-0.37974075281914
-0.473828405423088
-0.177568575282651
1.88975056381037
-0.724310645022042
-1.24241998536112
1.22476734958685
-0.549404625383809
0.815602413032026
-1.21879857132622
-0.452852473826189
0.323345155531371
-0.238776795033076
1.07183269342192
blanchedalmond_01
0.369983533767527
1.08774750253854
1.18349047920417
1.15925419186524
0.620613975248291
-0.562062262085983
-1.4245465317536
-1.479243703703
-1.13228156932172
-0.675429946504185
-0.236083821282222
-0.0746143954360829
0.466311242118522
0.696320817563113
blanchedalmond_02
-0.35650800234724
-1.03261063390628
-1.26376417473058
-1.1233670153905
-0.575253071561041
0.796249079210696
1.67879880813897
1.43890006257619
1.065389051651
0.427280967089955
0.0979602304659502
-0.0967033208051095
-0.4795534261223
-0.673999998407709
blue3_01
1.06055395127146
0.97615629143712
0.934505738712809
0.362725318051241
-1.15887626897072
-1.64050581868743
-1.26380512279568
-0.886165415336328
-0.459041288230575
-0.081199737986897
0.260290998024474
0.608509172028877
0.630765444581202
0.682954655005219
blue3_02
-0.924198693995574
-0.942808843083029
-0.78449023706672
-0.305842077565183
1.39017886803071
1.63490006964815
1.25267822153669
0.944074602890529
0.256750625018691
-0.124963742924137
-0.317284574163499
-0.67990003975183
-0.705424543972708
-0.737781563198704
burlywood_01
0.412454991863724
0.585884467667843
0.401319019619035
1.84194111632835
-0.280380506661386
-1.65890650590713
-0.380205604699573
-1.19179568021191
-0.0957671324492967
-1.08764335523624
-0.627077226345873
0.499654373921113
0.0987462118831147
1.16120983776037
burlywood_02
0.405748098334079
-0.25082950058546
0.00390329906575335
-2.00563743374854
0.668607742847786
1.50536048794533
-1.02038300229122
0.490217742719234
-0.272856705573084
1.1262676076198
0.7659099347131
-0.519619405739089
0.285263126533148
-1.35451946541305
coral_01
-2.3296540022658
1.47663797114428
0.353514097970186
0.648607941987993
1.66030621956509
0.570280563637588
-0.406413651260369
-0.708459427106243
-0.717567261798151
-0.580949741419537
-0.114628605193866
-0.679802175115113
0.536991810292299
0.125818230672495
darkseagreen2_01
0.375779924913455
0.691843975568014
0.580236788541626
-1.70817948325993
-1.90513334271826
-0.601486368208355
-1.00589829296279
0.503893721113493
-0.41372368885808
1.19173162838368
1.3417917117805
0.27824087070552
1.10169557834559
-0.430793023344469
darkseagreen2_02
-0.853186697509079
-0.923842239461376
-0.563351776458932
2.25712913884929
1.6801088795722
0.29790984013041
1.03390506880016
-0.667715899884302
-0.0709709684788688
-0.465170012954387
-1.09459313251276
-0.556286222263702
-0.688323766287055
0.614387788458403
dodgerblue_01
-1.69494647676943
0.46272145887598
0.136837750935649
-1.27222703960672
1.01945195164985
1.40199805223114
-1.29621112114787
0.0289093840004893
-0.0256544015056194
0.597332116525666
1.49193835801044
0.274746219797243
0.243267112774488
-1.36816336577131
dodgerblue_02
1.031668579206
-0.586275154339407
0.0548711063605148
1.11112351458108
-0.579719466602189
-2.21339685071692
0.492791047206678
0.138783909396905
0.769441069717278
-1.06038249149501
-1.18926731240872
0.659305515732016
-0.136554975566251
1.50761150892803
dodgerblue3_01
1.35064572798255
-0.185075164995279
-0.533744945978815
0.529213622436271
-0.790404645869473
-0.271637280760289
-2.53556953922978
1.00560792388426
0.418438327436293
0.763476131534584
1.24773971623394
-1.052512311088
-0.0555346560882011
0.109357094501929
firebrick_01
0.414257804667023
-0.875611425434072
-0.145545626947485
1.04429910749459
-1.58931992180205
-1.60546470760963
1.22064800119537
0.173994246149576
1.08891119113464
-0.471231365019804
-0.738030580175697
0.736464770164686
-0.0848099208458528
0.934986693907416
firebrick_02
-0.218790149385445
0.742242725512931
0.298864245476469
-1.23633186456271
1.59215050937137
1.52579488682045
-1.42721788496023
-0.166417577777684
-0.927946739453862
0.551335379875985
0.634417725476979
-0.5426034159499
-0.0172872476482221
-1.03932619943878
firebrick1_01
0.304890245091671
0.235234938870135
0.434500125992599
0.203322581885298
-2.21855602726683
-1.56484830056198
-0.536658766450839
-0.201806927033232
0.571519213189069
0.387213470694776
0.79680338257026
1.00940991774784
0.628589298872443
-0.0614198248192141
firebrick1_02
-0.239760991070849
-0.415701754466937
-0.777031140801564
-0.0662428906475624
2.40549573382742
1.62497033448004
0.926074774713393
0.29474854506783
-0.788078248389412
-0.38409309285073
-0.70593240654691
-1.02976638687268
-0.612877734315278
-0.223415315425935
firebrick2_01
-0.793346438818771
-0.977233904184812
-0.909166184888523
0.834467645116811
1.59899041656148
0.848350074107626
1.62664276416985
0.692515003292596
0.212836264521814
-0.755029167300036
-1.11592894054993
-0.69045668127065
-0.807506590724818
0.108880042150737
firebrick2_02
0.768378428972415
1.10480236898049
0.879692413408946
-0.702194150823901
-1.27918759617258
-1.03335172885243
-1.73338211056268
-0.628830007665654
-0.381636929486993
0.794835866296964
1.06350322586414
0.549198979022063
0.807745156796963
-0.152122986620726
goldenrod2_01
-0.178706413666889
1.19611797796538
-1.77974268617552
-0.451843116697859
-0.715041603617052
-0.684254533672283
-0.392963636478619
-0.443391932825705
-0.588687649117892
0.561229802835535
-0.0467896273259798
0.311510912779213
0.887547032513705
2.05342398463703
goldenrod2_02
0.213535881804707
-1.06066701723019
1.16927357305397
0.844651143205884
0.526528003312608
0.743741114960167
0.57612784770457
0.203786946872494
0.31102523112684
-0.747674895722289
0.160515358489161
0.969505923916686
-1.58232055307669
-2.32802855841792
green3_01
1.60798643209264
1.08398121039407
0.545953197096254
0.220171716163273
0.227168317229668
-1.61041658850216
-0.634131080809089
-1.14307812478568
-1.2093418373325
-0.581756924487603
-0.515061250794301
0.100453484762404
0.417165877360209
1.49090557161282
green3_02
-1.76709575560974
-0.640292704656607
-0.59072938059573
-0.113909354844633
-0.343621032363696
1.92399600023916
1.0842638699063
0.60253266567137
1.03996676051702
0.274833443952392
0.462884338863481
-0.5206874339604
-0.681118553134797
-1.43736612426648
ivory_01
0.17694047023712
1.71143542102353
-0.187369540484551
0.956949857101661
2.06225023949946
-1.75879972575962
-0.135545992835061
0.139089783161803
-0.562236210664336
-0.908538754597324
-0.749805183205108
-0.438428979788052
-0.185562709081847
-0.186900650135288
lightseagreen_01
0.565386994747775
-0.17507906902821
0.187474488721429
-0.88058074960453
-2.45601368762962
-0.281164923693286
-1.53651693801567
0.538464268729878
0.465221724271995
1.06396350595452
1.2139514722422
0.744078181146657
0.699260446652493
-0.148445714495633
mistyrose3_01
-0.743628577413684
-1.26207834751573
-1.12853644419665
0.533819703385313
0.144160625452707
1.07766902994769
2.31925911339093
0.549806483039757
1.10112626738459
-0.340223857161369
-0.863155901932889
-0.182447788796019
-1.15002148077898
-0.0557488248056625
mistyrose3_02
0.866973223107088
0.816915312051503
0.956994033155379
-0.506282136851102
-0.813303991325351
-0.606648248517548
-2.02637403590567
-1.00185545630138
-1.34558644554973
1.23915379180536
0.84861865572004
0.346370948129013
1.02048415034421
0.204540200138192
orange2_01
-1.33450196454077
0.914538700083376
1.6581384048256
1.44106084018929
-0.387721450111105
-1.61859062306484
0.665637653971715
-0.897269923152044
-0.798404024769223
0.592529562772246
-0.286844687294837
-0.956258142177812
0.648988947805174
0.302617740254501
orangered4_01
-3.08927488480387
0.151665282454546
-0.5961236183362
-0.345571328483262
0.163613408514985
0.505687562735297
0.309441082137358
0.462733851789891
0.239143340437925
0.514325771606737
0.243754242575814
-0.314999088661623
0.744276064829745
0.88092727595656
palevioletred1_01
0.633919948613488
1.00964952239572
1.23399660675658
0.916070829354066
0.471207219715605
-0.430709210352017
-1.55548165963178
-1.3731082164351
-1.38309884807894
-0.605541852605193
-0.0883402280503739
0.00787228632564846
0.474819359209092
0.623924455676884
palevioletred1_02
-0.663331298099721
-1.04249853010061
-1.25428222070973
-0.787325193938895
-0.716093509953242
0.425332547176115
1.58405402990064
1.26852420564485
1.40918176689863
0.522799522338301
0.242241337451184
0.0175931674263465
-0.41952258480972
-0.749706087356743
rosybrown2_01
-0.557137812992084
-1.64754229095356
-0.72280325049059
0.384581934814484
1.78526284016302
2.29040663319125
-0.0515866459372177
0.529871881414095
-0.614441759405502
0.350627309694401
-0.485847358330842
-0.849089198747648
-0.357524539940606
-0.0547777424791971
sienna4_01
0.30665690329284
-1.4241668200113
-1.60084157911006
-1.15915468136317
0.138815882149022
0.719486923720264
1.36140521511241
1.72064389194654
1.26717867692641
0.138815882149022
-0.400925506897675
-0.389147189624425
-0.815227816984257
0.136460218694372
