Time
-2
0
2
4
6
8
10
12
14
16
18
20
22
24
aliceblue_01
0.421807046043653
0.337093173586781
0.827574783516802
-0.284011762260611
-0.0583683600482967
-1.75576890125789
0.992552122227744
1.84749857697683
-0.512856333846873
1.14089899565453
-1.54496018638825
-1.08040024065702
-0.542838017739443
0.211779104192052
antiquewhite4_01
1.17399041951012
0.883012901507802
0.748691863637368
0.345627743797717
-1.15784969648603
-1.90986851644923
-0.75828851101845
-0.445993923830293
-0.367311600299805
-0.365700995944546
1.53576975921094
0.189767700776567
-0.00646583947956624
-0.0412539293299936
antiquewhite4_02
-1.01616067184372
-1.04725442574949
-1.0569713394661
-0.64529629036161
0.619490728478925
1.72882579685733
1.09688601400155
0.739079752071105
0.788317686210214
0.480077848272408
-1.38845243343972
-0.187195999068782
-0.161176192868178
-0.0756574853265402
blanchedalmond_01
0.51448338572246
0.878207354100914
-0.0641470360651545
0.303693280107276
-2.00035359719581
-1.88991364316282
-0.261502167915854
-0.473050451302959
-0.283507728392165
1.42819417278785
-0.0641470360651545
0.909299265872185
0.742147976081361
0.434771330105328
blue1_01
0.702043223944895
0.641658191543239
0.29539953215412
-0.626919231883213
-1.70775657024791
-1.57197968938272
-0.663558647160307
-0.743496658496112
-0.236023441810199
0.279546803398314
1.326813993198
0.909109796835708
0.500715726990157
0.5186873986585
blue1_02
-0.536215896800702
-0.574314481931864
-0.169353469354318
0.759117491459596
2.00163484537663
1.67985678205772
0.396456914874317
0.423094983475313
-0.484941916837898
-0.631291347673269
-1.21825894110763
-0.871099544310717
-0.555125335168905
-0.48757409517934
chocolate1_01
0.864449567332719
1.18742500668849
1.41054051108703
0.788617347507262
-1.07742333888839
-0.67765621005056
-0.842511243651298
-1.39566404076909
-1.08007046196183
-0.418837697140489
-0.588006133465233
0.13967508117536
0.647876648112364
0.772468901354925
chocolate1_02
-0.748348077003888
-1.2861379799159
-1.56977403735953
-0.770553283502652
1.09034395462587
0.798883262174653
0.709854706586013
1.35895340801475
0.94939032725079
0.326690623982489
0.514865974527362
-0.0487894346904115
-0.616692926262199
-0.68144500154465
chocolate3_01
0.687623172628169
0.459530304907795
0.197804457547482
-1.00982399389655
1.11941053494299
-1.59451141601453
-0.209399604850029
0.221643912870255
0.271763785871291
-1.97679260465793
1.82074569119619
0.0986238970691675
-0.237666173923671
-0.267079265050677
chocolate3_02
-0.316673813962328
-0.469190771095789
-0.73978232793988
-0.716342003211553
-2.16207861889338
2.18079395826075
0.101676285631256
-0.117257925369511
0.162980070753946
1.08079457474583
-0.721697416113855
0.808795923259065
0.368303389379035
0.539678674556404
cornflowerblue_01
-0.654122971647431
-0.798967918583265
-1.09398084404857
-1.40735433866001
-0.821649321764604
0.397802271628657
0.749099156794434
1.05595556247241
1.07487096192524
0.795484767022165
1.39270648961851
0.539400574411731
-0.396701168704876
-0.571490760124082
cornflowerblue_02
0.616033574517443
0.647588237320831
1.16259704538665
1.21769344733219
0.93764381237098
0.38922010605094
-0.269948799936434
-1.27626858614438
-1.16830768466386
-1.21443909630788
-1.28758354756308
-0.425435451835173
0.229551015625715
-0.198625364707554
cornsilk2_01
-0.193806953983666
0.373875236602874
0.950926927071536
1.44335481382197
1.57833716395142
0.147082245580398
-0.860828654547408
-1.55568870521741
-1.14465811602237
-0.972198742730824
-0.222971543520186
-0.285482643710107
0.0741888622728392
0.680326060941661
cornsilk2_02
-0.0165774028708991
-0.23319838457817
-0.978927694201265
-1.54768666418541
-1.80473095282812
-0.23374521288053
1.19470036331718
1.73061765914476
1.38538139588924
0.726419790468629
0.108502067525842
0.155784459516663
-0.0812408967504192
-0.401057987941096
darkolivegreen_01
0.418923607032624
0.120588771043833
-0.190858273980232
0.653966242202473
1.21835144360063
-0.845817795473403
-0.887945268865373
1.01083570394236
0.281524448401501
-1.07310941525677
-2.25312551520201
0.0358999379474548
0.889257115951415
0.572842351057819
darkolivegreen_02
-1.25041825711226
-0.221322172518594
0.0162533736927041
-0.869581074994649
-0.378909972015536
0.835232392290445
0.0258041494197914
-0.323993011584783
-0.0787768447918152
0.148770386906041
2.98176923695333
0.695552297281793
-0.663045549896385
-0.917334953630086
darkseagreen4_01
0.868779612396324
1.0240193900741
1.19225364177292
0.918652776983199
-0.459840079427975
-1.08833789336193
-0.990572576943166
-1.39717765819817
-1.1104198253198
-0.60858867330704
-0.133103141470331
0.270092926643219
0.693322384844103
0.872102049282771
darkseagreen4_02
-0.794840491152895
-0.992748339515796
-1.20334289240057
-0.832933821563832
0.32095898095874
1.20616355136684
1.02913359382275
1.40209352989933
1.20049170043217
0.550261621876971
-0.00855109965906428
-0.433006974661492
-0.648244510115648
-0.772141116559863
deeppink2_01
1.50180753366589
0.288899385717356
-0.0101618300520048
-0.647709500113764
-1.61532753092178
-0.304224515080491
0.0191385335222621
1.98897020514165
0.573374326433094
0.900950105952559
-0.410991183791107
-0.435899642950389
-1.03638058800856
-0.924281483198342
deepskyblue_01
1.40573242457058
1.47044455527936
0.025579165496025
-1.07877679445013
-1.286312668423
-1.68571778633181
-0.27873052092618
-0.870683535185422
-0.312811726491432
-0.151068783560298
0.47695128352719
0.770768238274695
1.09599855995155
0.74655903547737
deepskyblue_02
-1.35232277936234
-1.77930491237955
-0.222147449602322
0.848314348896035
1.80286728971242
1.37268678865762
0.122444722766775
0.723098240224695
0.344411464574973
0.421492134280702
0.130120806056972
-0.350366825860951
-0.989308007096767
-1.07198582086826
deepskyblue4_01
-0.459697816365528
-0.653722317778753
0.290886927008157
0.683515868101401
2.27342021668942
1.46064311329984
0.0915059110816568
0.528432488176066
-0.719808897610883
-0.671147298761464
-0.203878692717252
-0.692823167483132
-1.03967518016946
-0.939709279866641
deepskyblue4_02
0.605828055220165
0.832139789242012
-0.0966309258553462
-0.678746296499332
-2.03852728417238
-1.50855659874259
-0.483390128339919
-0.50294512249248
0.228031253713673
0.884134689170977
-0.263232731414557
0.595425574225309
0.863432858264436
1.1880750262144
green3_01
-0.710584632014628
-0.757999581559098
-0.529451644749108
0.527686000578388
2.35816483292824
1.7043386766504
0.279376347333055
0.300217492059237
-0.253280605508969
-0.43900218901685
-0.638292374512882
-0.636773439652236
-0.68034644171129
-0.632965737887127
green3_02
0.660719976553881
0.753665001785417
0.45582001717879
-0.468414210935585
-2.20848672755261
-1.62909647172893
-0.447531688537
-0.372141478124413
0.198112912117823
0.542505812918329
0.605555714598672
0.568292574557138
0.655295965263647
0.739398566262344
honeydew_01
-1.63450070982299
-0.595750820809153
0.995546769420596
0.502360289845748
0.400965441206787
-0.713711845566763
-0.059221966986052
-0.419173035615954
0.414814567702505
-0.657210418653942
2.37395296288837
0.643067643247432
-0.465821331173835
-0.822792859516343
lavenderblush2_01
-0.551656944974657
-0.0730890804141237
0.082442686876265
-0.443520816918418
0.657791873603619
-0.530080512652157
1.24232049680028
-0.700098508515709
1.12613789852284
2.26431266612049
-1.72680222612361
-0.546315995417969
-0.304868241320798
0.173975512037435
lightblue2_01
-0.423649588240297
0.375792376427977
-0.0286777660923082
-0.383701197709705
-0.199191425990844
-1.33271699533322
-0.842714961050058
0.162079724270512
0.130070037362579
-1.97504191571536
0.518598564119618
0.22870450679755
2.13448316978028
1.32562441365761
lightskyblue3_01
0.138855554544336
0.401699844179332
0.789973994631572
1.37507463165205
1.51183317414067
0.847363568266545
-0.811809566567877
-1.06722771644533
-1.2366646136145
-1.13160769592665
-0.89627539038583
-0.489886707455413
0.149464713007081
0.352039660386579
lightskyblue3_02
-0.298958758720462
-0.579761917888541
-0.81540595620143
-1.26284125718996
-1.71976999582473
-0.588659268676975
0.642209665930368
1.32637412727464
1.18218176043904
1.20703810627415
0.812054308687679
0.356374274561749
-0.0533322881356594
-0.38970740996554
lightslateblue_01
-0.297364413788684
0.674141104136601
0.210336518257575
-2.01864895430687
-0.16580834629299
0.563860046628701
0.276042206340027
-1.08709365957438
0.515147397468229
0.459803897350585
-1.70726307548691
0.326440249426552
1.89118631574918
0.359220714092387
lightyellow_01
0.999469432074078
1.12218226671726
0.954562609571526
0.139978748159506
-1.33825318142466
-1.55150969310224
-0.771847084047858
-1.11940860530753
-0.655445175603491
-0.0899395513461571
0.312402776214718
0.418985608125346
0.733115621210513
0.808612778157793
lightyellow_02
-0.923133729879729
-1.09774030134193
-1.04879380251186
-0.180020590922666
1.1824829138467
1.68332313133347
0.818961665980995
1.02557155704495
0.735621259763908
0.124935293863453
-0.336712903693804
-0.573533149720629
-0.688388764855532
-0.705964550003685
mediumpurple4_01
0.431791131117297
0.377572931932698
2.2436265474489
0.467946576337414
-0.784530993142361
0.532774201406801
-0.574510175050143
-1.05826881267301
-0.687920084720552
-0.522683906522901
0.702465945749404
0.578544721786088
-0.464164295335658
-1.76655618917917
mediumpurple4_02
-0.793670701843039
-1.04587646417243
-1.83993523738603
-1.04295352139061
0.370056138292739
0.29516184062663
1.10186370112857
1.64460147734823
1.27252379434228
0.899159237147338
-0.664547929559637
-0.645765438752218
0.107827517419456
0.341555586798714
mistyrose3_01
0.26608896671158
-1.15774095249915
-0.31662213906669
0.665016646765703
2.08805305766187
1.322145032305
0.998531641410969
-0.00611888554363294
0.349234837932754
-0.971439000385314
0.0387315844096975
-1.43684887705487
-1.16291600672453
-0.676115905923384
oldlace_01
-0.267563142676687
-0.352996373051998
-0.343476746517143
-0.737612412666063
2.36562613698224
1.70072400183382
0.242323773039478
0.700038828047902
-0.643789348589259
-0.664176700489781
-1.57358163387448
0.143334247033252
-0.057627612272472
-0.51122301679882
oldlace_02
0.304391348049566
0.532012567011617
0.658807030640645
1.18331234442245
-2.01867794600127
-1.90647208741627
-0.775521479816843
-0.581057096660132
-0.541974751542333
0.89853731359296
0.583479838455114
1.09387398448555
0.0721399973061376
0.497148937472807
plum1_01
0.755385881726384
0.949338171070687
0.356492040132012
-0.578907457652816
2.14708581837451
-1.34856590817979
-0.339439937616721
-0.928267606746571
-0.885212658794876
-1.67250313562587
-0.16763019293329
0.421607523319909
0.502386806619756
0.788230656306677
plum1_02
-0.565515663519641
-1.14335920071109
-0.123551175915287
0.994947948054307
-2.3023836552593
1.03785712160813
0.489573237309307
0.952038774500487
0.642139187722892
1.6147471216095
-0.716651308148099
-0.205078605667547
-0.195066465171655
-0.479697316411999
royalblue3_01
-0.614806753378341
0.446814016212342
0.0936209524831345
-1.28870668579279
-0.106453731016648
-1.03945506121461
-1.06044327364097
0.566265915224123
-0.895844668390732
-1.48920953912638
1.19362339605133
1.17081024685793
0.624431337278476
1.75179093144766
slateblue_01
-1.14728324783429
-0.89203821371078
0.219117306549261
0.692160241500528
1.16570694954546
2.06645324101816
0.720035686016648
0.902065697194203
0.351105857089444
-0.855094853508693
-0.057454121872726
-0.986075857861547
-0.776170402167871
-1.4025282819578
slateblue_02
1.04273301162225
0.901526215598555
0.137432276679957
-0.663527265320472
-1.28592188621086
-2.39642338268829
-0.2392357737121
-0.611960375461874
-0.221973042372995
0.38623582427973
0.233904183928851
0.3020637337835
1.12146849897328
1.29367798090047
