V3 V4 V5 V6 V7 V8 V9 V10 V11 V12 V13 V14 V15 V16
GS1_SS_00096_09570 -0.892611558564328 -1.46550532226475 -1.54390131098165 -0.103284561398561 0.502837040596482 1.47555034675309 1.56178593434168 1.31634618505108 0.839939792079149 0.387655241789345 -0.27177563253319 -0.524753457661953 -0.767781022684342 -0.514501674522051
GS1_SS_00102_14702 -0.675937925333942 -1.06221848867731 -1.40244252331434 -0.213144096559106 0.171205063967541 1.65214531604702 1.6016317039175 1.52288989677443 0.815699326961198 0.0982574652746208 -0.0553633433780858 -0.67742361980834 -1.03993307156134 -0.735365704309844
GS1_SS_00203_15232 -0.988003340815503 -0.598058217171813 -1.22630313859776 -0.12319171104572 0.714757032428609 1.13416467652538 1.30400744149018 1.59170028826731 0.837806382556173 0.561205308184916 -0.67171451830451 -1.252299480174 -1.43427387120773 0.150203147864467
GS1_SS_00641_09425 -0.511351898846771 -1.17510002665205 -1.76222355799404 -1.19550008155461 0.215586642924973 0.43899212222375 1.34455553497158 1.50875109882146 1.11567687021114 0.973374048207907 -0.404873563501697 0.518602092575207 -0.924328620044955 -0.142160661341888
GS1_SS_00657_13835 -0.585255726447644 -1.60332678468959 -1.46544629491194 0.34463594879697 0.400237057930562 1.11420147313734 1.62243537150379 1.55990817265114 0.533820806863978 0.192807083890651 -0.657899505422357 -0.286888759614846 -1.2297668530827 0.0605380093946503
GS1_SS_00658_00816 -1.96435246247143 -0.785513833359042 0.0895682373681073 0.526835124213284 1.68456431740901 0.974519654757593 1.78599926921635 0.310257794678682 -0.387998481681609 -0.0601168536773261 -1.26527374055594 -0.111108478099397 -0.598544543811449 -0.19883600398683
GS1_SS_00677_13251 -0.76575961295971 -1.10612423178457 -1.0805968853727 0.527625938574747 1.00413640492955 1.18538056445378 1.00541277225014 1.21728974746861 1.04923471692384 0.616971651016272 -0.150125108660249 -1.18696082875547 -1.50605265890377 -0.810432469180472
GS1_SS_00719_16072 -1.85514354778812 -0.834683768327799 -0.454497086390404 0.16222693929882 1.34491365805796 1.24286768011193 1.65366815543313 0.745720608067156 0.749645453372773 -0.708303749486945 -0.0470981436673993 -0.0638441503046969 -0.823432545118365 -1.11203950325804
GS1_SS_00804_13037 -1.55449151442271 -0.726663748613239 -0.381944560274901 0.474731748888538 1.80280998024904 1.46624364111943 1.08995829302421 1.28855333785224 -0.0282363330653989 -0.554408678151874 -0.530159177941294 -0.695306636271971 -0.816554137324874 -0.834532215067201
GS1_SS_00811_00697 -0.689483600486852 -1.06480463213845 -1.02101717844577 -0.411468021485666 1.33585989253679 1.66113811996818 1.63333656206806 0.96123389983269 0.718665307154155 -0.0597088101544154 -0.86949868789012 -0.868803648942617 -0.921626608952843 -0.403822593063133
GS1_SS_00817_15125 -0.946917841350979 -1.08233953411525 -1.20842179979234 -0.595521897195406 1.12643497200549 1.89577027831288 1.89577027831288 0.745853318202446 0.23662105627334 -0.145128025915605 -0.683079026137825 -0.308334514264273 -0.592019612037709 -0.338687652297645
GS1_SS_00942_07803 -0.100031130400642 -1.10251479659154 -1.73229489026328 -1.3306128259624 0.157906138032564 1.13973186948799 1.46538125733192 1.32909627122983 0.828428269654813 0.753830171998936 0.498475145407664 -0.472734702919812 -0.786907460355141 -0.647753316650908
GS1_SS_00983_10884 -0.976866084494003 -0.954666384497386 -1.16803016779821 0.630145531927788 1.06550631519478 1.69819776509837 1.74013053175865 0.32847627530709 0.792326673569742 -0.900400451172322 -0.437906701242796 -0.842434567847821 -0.936166634500205 -0.0383121013036859
GS1_SS_01055_08653 0.0140601895667552 -0.766913039918662 -1.48538872677985 -1.61948778477278 -0.00537802250928385 1.09571057293723 1.27779002782671 1.73667946481169 0.959150981770123 0.652814601584444 0.160461913430594 -0.646839021018573 -0.667261446364285 -0.705399710564108
GS1_SS_01302_11667 -1.45511331772916 -1.07120508326553 -0.781665353362803 -0.344889308957682 1.44242872003818 1.77164611663129 1.70515921569066 0.869676239515776 0.150223629175989 -0.378454470238999 -0.542634220787548 -0.58316978297393 -0.480115086515958 -0.301887297220277
GS1_SS_01319_03948 -0.816189705839417 -1.27177689933036 -1.17918982452414 -0.589865745201979 0.1800178263534 1.93056018007858 1.86295691910896 1.19280285384485 0.546162966309317 -0.0343432963646309 -0.661437023663298 -0.582517564661802 -0.491400125963613 -0.0857805601458668
GS1_SS_01340_08381 0.239657243400463 -0.79801714607694 -1.3949238873594 -1.05987541677578 0.250879740716128 1.51316672139546 1.61888589900679 1.69858189443687 0.555188327348137 0.092626264076392 -0.323744650823632 -0.664648337398026 -0.968794279141403 -0.758982372805063
GS1_SS_01426_21879 -0.623227662605766 -0.950320131928531 -2.04589751058954 -0.500589700129997 1.55333560909591 1.65061217989822 0.702165614575701 0.85242317483284 0.52672037080725 -0.145530216701567 -0.663180539899571 -0.602382683148128 -0.503021614400055 0.748893110193239
GS1_SS_01434_11119 -0.967376075819285 -0.894761481161743 -0.898703416300295 -0.34631382122685 -0.636460994451343 1.8531822509501 2.04612960246871 1.09695311515941 0.930976898799314 -0.332517048241917 -0.157204669711566 -0.263844388722927 -0.635921571748173 -0.794138399993434
GS1_SS_01658_04564 -1.37289644745736 -0.924421243208382 -1.51873154984624 -0.0297293429332573 0.714610438507318 0.878190962647054 2.1568292608044 -0.488851800232753 1.38248358440328 0.274201335054182 -0.153302007125602 0.244518084125472 -0.71276675832541 -0.450134516412698
GS1_SS_01682_20879 -0.13077588814034 -1.15360795335967 -1.82899740418524 -1.28450817681865 -0.105709887903515 1.13366456825061 2.05240310470869 1.01529734491005 0.8760417880388 0.0370270578895164 -0.0395634983896714 0.197170948291454 -0.304149056445047 -0.464292946846985
GS1_SS_01802_15523 -1.15231711970697 -0.594752409970375 -0.20853000398155 -0.00895835346877974 0.818119373392379 1.05687504254911 2.02313328007751 0.829354934293872 1.236644016973 -1.05695529655555 -0.761460044846278 -0.0766526079002755 -0.690956900189409 -1.41354391066668
GS1_SS_02069_13254 -0.717814911947705 -1.63178536656004 -0.546542765427505 0.0669229230175747 1.40595970490277 1.62549945635139 1.61304330024083 0.734884294446354 0.570618735738344 -0.571828762331941 -0.360323231574633 -0.552148035677257 -1.22540327345302 -0.411082067725165
GS1_SS_02199_11461 -1.24509811241597 -1.03677517667235 -0.469495797801271 -0.0996424626502935 0.751789400575084 1.83808133658957 1.35220815107061 1.23618830070263 0.824670378402928 -0.152844935470971 -0.340656074464448 -0.964342894398418 -1.42137136573749 -0.272710747729607
GS1_SS_02211_11007 -0.52080606925262 -1.07149592432173 -0.136946999764065 -0.828627577983556 0.410928890661006 0.901305094936829 2.49689364936783 0.720767578348239 0.965854821538335 0.353641008302169 -0.901044302514622 -0.511728763949283 -0.59039874324487 -1.28834266212366
GS1_SS_02333_00941 -1.32066630417276 -1.47353725434348 -0.838296481674602 0.154021909061969 0.979628331166414 1.33804873460723 1.67787672518944 1.03127392244031 0.918686533463221 0.113325183138141 -0.253461806089043 -0.739136946428729 -0.819704068816001 -0.768058477542108
GS1_SS_02401_06430 -0.937088385459961 -0.816533191750187 -1.38880724381827 -0.135105852847292 1.29027775374411 1.73400801492888 1.56842618260461 0.962745269629003 0.563315410952042 0.042894616901296 -0.531122401822831 -0.783852566949345 -0.82234308060367 -0.74681452550839
GS1_SS_02412_06826 -0.718732500422015 -0.646380015965289 -0.683325965475106 0.335125052436151 0.490734207836876 1.91469267852776 1.24248165272414 1.23735027084777 0.888416303255051 -0.571205271476563 -0.175062590621296 -1.73936435563073 -1.00326762546637 -0.571461840570381
GS1_SS_02418_07359 -1.2570423844507 -1.30900110953649 -1.49951643485108 -0.545207850775277 -0.351228610454968 1.3218423373077 2.21033653627483 0.614510893139714 0.802255086449727 -0.235187457763354 0.241100855523119 0.289595665603196 -0.411327535804206 0.128870009337797
GS1_SS_02455_13321 -1.11935290914671 -0.612960763424659 -0.854556663784561 -0.840502608638971 1.83869107863934 0.792444751134324 1.40145380744322 1.40368460984728 0.769467486372486 -0.432265768695647 -0.972119950478622 -0.21498561454002 -1.10373729231827 -0.05526016240919
GS1_SS_02502_10713 -1.27089926140658 -1.25355656603997 -1.29567454050173 -0.0697937308738233 0.214874225929422 0.845157326109977 2.10597127926204 0.851078617813717 1.57578030662588 -0.233062820110846 -0.326713375090504 -0.0970465378784856 -0.455544826385271 -0.590570097453825
GS1_SS_02514_09971 -0.56135664899399 -2.27785102822617 -0.684339727699882 -0.460141713869637 0.589443298310298 1.26189868920497 1.73469722177215 1.20366543885945 0.568368407709062 0.243787362330829 -0.712485798700215 -0.200449147447838 -0.69862073909414 -0.006615614154899
GS1_SS_02676_09587 -0.762093744900453 -1.05621676154019 -1.06371989971977 -0.242726520109576 0.94712113240902 2.26767345201599 1.73345001362953 0.432856041580261 0.326611604957337 -0.086811308737799 -0.570013407503076 -0.536999599512902 -1.00219416664717 -0.386936835921201
GS1_SS_02699_02548 -1.1950279943261 -1.06818803536251 -0.817863671905271 0.331615067316063 -0.0111883773326158 1.15990013267511 2.36722863095814 1.17869123770675 0.792131362770104 -0.449692235463875 -0.673574829698016 -0.529285987490761 -0.826588113527105 -0.258157186319918
GS1_SS_03016_06477 -0.954483479167197 -1.63108361353514 -1.39939423749847 -0.397085849861597 0.564928733247165 0.87686993663566 1.76534832648061 1.48497060330581 0.593470178121247 0.736177402491656 -0.252699716969183 -0.804556948152167 -0.544158236389219 -0.0383030987091671
GS1_SS_03078_13763 0.760168791817908 -1.56458434372081 -1.77174056371931 -0.973325965808428 0.176103338211026 0.872378410983762 1.22627028681453 1.375883112369 1.32697122709158 0.206313620294141 -0.019544202898668 -0.515280546033967 -0.43788468050675 -0.661728484894018
GS1_SS_03150_14358 -1.4168501679089 -1.49738359373202 -0.925076699898662 0.726378099964558 0.40684224911797 0.975771934771651 1.68238780005841 0.825096492909032 0.815744224103766 0.770541591544981 0.0444418329139128 -0.974695681615489 -1.21655574432945 -0.216642337899763
GS1_SS_03178_05437 -1.51437166202072 -2.15476060094158 -0.293122896811079 0.223517644335214 0.782008955574363 1.12114450632682 1.24561446910298 0.931733693406564 1.26545750664701 -0.177672496554924 -0.105696387645227 0.0817301215206239 -0.724979550269258 -0.680603302670799
GS1_SS_03188_01697 -1.06388950118443 -0.91078080455617 -1.46177706949225 -0.671853220645832 1.23859223600866 1.12741776839324 1.7817867839191 1.07865703698297 0.939201345149586 0.098858900024942 -0.198191475726441 -0.399768339376509 -0.810333697851008 -0.747919961645858
GS1_SS_03386_13268 -0.70072147755347 -1.29348119524959 -1.36467047507094 -0.0537707366464017 0.159361250084043 0.858178466289521 1.76329930973238 1.07465199064423 1.76184646728704 0.333847627768612 -0.450106155733418 -0.539020113387836 -0.90826002086938 -0.641154937294791
GS1_SS_03399_09656 -0.339504289383852 -1.31185702185624 -1.65120876617836 -0.143453376049863 1.38138706099228 1.41342152395535 0.753511586916102 0.826123036299061 1.3942008461775 -0.340785667902375 -0.675225461236827 -0.459526743952155 -1.18991249951015 0.342829771729542
GS1_SS_03409_10078 -0.398619649542357 -1.92896492070538 -1.18692642641641 -0.326380019657166 -0.270836255893476 1.20287401842602 1.36655898040153 1.17013702603092 1.49532448382226 -0.119045734488188 -0.0697219992795679 0.38008427622913 -0.116645021712547 -1.19783875721477
GS1_SS_03638_14593 -0.83353850075989 -1.38747231455602 -1.15961301526399 -0.606464923189562 0.724154812503694 1.38219675442463 1.79077204970688 1.1893020717481 1.01880045813993 0.201257006714582 -0.254461591869468 -0.786395197458092 -0.511785455725117 -0.766752154415676
GS1_SS_03701_11648 -0.9398395364823 -1.25416239364666 -1.30564630990634 -0.49996818177241 1.18635588238234 1.14300100553209 1.87190487257702 1.35616248337918 0.24429053749032 -0.0385097112974968 -0.816097492138861 -0.535284341873348 -0.67158123597134 0.259374421727804
GS1_SS_03716_02296 -0.424704718725835 -1.18585532710026 -0.623412178434202 -0.360714180853649 0.864536223246419 1.81159618375477 1.66677549278088 1.03731067550132 0.446711690171503 0.369451535498453 -0.620044255388298 -1.12860063531988 -1.31383640284463 -0.539214102286589
GS1_SS_03786_09462 -1.28566610050094 -1.25882851363781 -1.53818339507671 0.0551153413745411 1.68232702849828 0.252947393045754 1.06628242095837 1.06140285971053 1.37125499894843 0.530140628851852 -0.228387167125015 -0.733055789182959 -0.420397902227554 -0.554951803636766
GS1_SS_03914_01548 -0.544747894120307 -0.612785133167879 -0.869646709720317 -0.820256713967265 -0.950955410211736 1.50308900462019 2.24393894091597 0.644643840340949 1.35021520824169 -0.892493782585675 0.169223132922113 -0.341056159934676 -0.181546632834257 -0.697621690498802
GS1_SS_04033_09814 -0.0581118396203611 -1.06157801456355 -1.79920774614475 -1.59397525126946 0.323016975862755 0.724306865842444 1.60644441881524 1.48330492189007 0.94487143533489 0.534406445584306 -0.355216057201593 -0.0313108902895876 -0.602823026018784 -0.114128238221617
GS1_SS_04056_09590 -1.12943543815667 -0.885347953150323 -0.646164945911807 -0.0983587035268169 1.25940409900421 1.3144299471311 2.30968006977399 1.0596363460218 -0.450583942243402 -0.372231919367069 -0.564224280766328 -0.540000945449599 -0.609082309130641 -0.647720024228436
GS1_SS_04102_03986 -1.34292632830338 -1.40305958691307 0.0105345539423698 0.3839898437202 1.80713129578875 0.854250428589072 1.63413253640395 0.581337947206641 0.499464202791912 -0.825780304260063 -1.07426943137641 0.218688141437444 -0.814678779593659 -0.528814519433757
GS1_SS_04140_00360 -0.582323282064076 -1.33244182159091 -1.65774075259363 -0.726405456983091 0.595585632480038 0.793141604276214 1.90569365597047 1.05308367242908 1.36055800447275 0.0370815317630308 -0.254202122892834 0.159774187931182 -0.555586383625496 -0.796218469572717
GS1_SS_04289_20498 -0.211961478252377 -0.985327261635129 -1.04316444628982 -1.21564319338507 0.475061650895868 1.10094261340915 1.60908359287538 1.7867263743148 0.334806478108238 0.629982681220939 -0.820904408116788 0.264369049653773 -0.743650454328019 -1.18032119847095
GS1_SS_04385_17144 -0.316625900218438 -1.75595953982843 -1.41167448714394 0.12243009169963 1.24512020256826 0.677481764450465 1.46477159818775 1.38085982907469 0.970185759062511 -0.0653841915210839 -0.224816552835908 -0.369440954895485 -1.12341288030847 -0.593534738291554
GS1_SS_04406_21230 -0.986670108101008 -0.670055763974294 -0.939482393351354 0.0829840542128545 1.68932997350843 1.43816955629253 1.81262690559624 0.33702139984414 0.733245985306562 -0.495917874704601 -0.714199110030422 -0.317061213959943 -1.11148922453558 -0.85850218610356
GS1_SS_04615_08797 -0.898388958816578 -2.44539395365506 -1.20732445979185 -0.392547807043914 0.511294128255402 1.39961946380709 0.162946463921159 1.45082424297426 0.704475795113367 0.450003559252272 0.649857364001718 0.0956044210164549 -0.198590310198567 -0.282379948835757
GS1_SS_04644_17092 -0.548213535283595 -2.00133572382937 -0.864285283035386 -0.899628769205714 0.775652475267837 1.59663116831003 1.79556450475445 0.861486655967205 0.415552841886723 0.361224854573475 -0.173572581878117 -0.56739999920463 -0.5795177658916 -0.172158842431304
GS1_SS_04649_11902 -0.353105648219546 -1.36802753215624 -1.56169830331912 -0.421216829538626 1.11052312351249 1.25196806874381 1.20627047105369 0.919028428430095 1.31072212291681 0.203404048602861 -0.496944277139391 -0.175755447660282 -1.49423994482419 -0.130928280402358
GS1_SS_04707_03143 -0.747733902530218 -1.55356459161655 -0.429527868375946 0.869995477819307 0.567808969411931 1.14790997751926 1.96223586965319 0.636984194228077 0.625697710179127 -0.579043442013651 -1.59846780772528 0.0447471817670359 -0.951740135716081 0.00469836739979337
GS1_SS_04943_10595 -0.0556748315356524 -1.39368874207411 -1.0578217991774 -0.784674258337175 1.37823613577034 1.21598376958072 1.51958203460779 1.6831978660595 0.326095441851679 -0.301098578713223 -0.671052153162375 -0.622876380568259 -0.619694961623364 -0.61651354267847
GS1_SS_04987_02152 -0.903587038596694 -1.2485260203451 -0.610891242433482 -0.899568332013217 1.41587644449988 1.28258934281457 1.87333921058563 1.39846204930481 0.0836752120773875 -0.280486582828649 -0.793072607551088 -0.324223506145486 -0.580750943057408 -0.412835986311145
GS1_SS_04989_17402 -0.863837959536404 -1.48375350675544 -1.09312179206947 0.469405066674402 0.804838821676484 1.04969130950501 1.57902558955049 1.54930361125916 0.984586023724013 -0.230052155781416 -0.487359567846304 -0.752026707869044 -0.801563338354583 -0.725135394176894
GS1_SS_05024_20161 -1.33473117168927 -1.74596439586679 -0.949379758823616 0.0732393636765712 2.12192851685186 1.42484506551878 0.264189616021938 0.885353087506866 -0.325340530526258 0.0858926936512642 -0.341300980835246 0.439323205898939 -0.670143772336642 0.0720890609515991
GS1_SS_05068_09014 -1.61916516652018 -0.616919983441715 -0.829933896005894 1.10486067387428 1.30364093790306 1.02633019919624 1.40180403125061 1.13676367921223 0.293542707356793 -0.269422632991395 -0.422311650880201 -1.000983086164 -1.30258919047434 -0.205616622315489
GS1_SS_05174_21576 -1.4372132860647 -0.716845010550005 -0.641614432023347 0.350222676382356 0.784217947788502 1.34489867454378 2.106075990297 1.06633261726347 0.514523420994822 -0.399244219128501 -0.324723363040774 -0.752331132496542 -0.940407578813187 -0.953892305152871
GS1_SS_05284_09549 0.317441980252163 -1.26268341025234 -1.21964166565742 -0.616206613964971 1.19903217982089 0.826457394592116 1.32832753907837 1.65837095613034 0.93448706976119 -0.505114680287167 -0.968366342468882 -0.68255554832078 -1.12147926790536 0.111930409221861
GS1_SS_05327_21136 -0.657515489989325 -0.818045520115203 -0.348731255570724 -0.479043868261143 -0.534757231657771 1.46950740917856 1.90152204907615 1.62295523209301 0.919219908850001 -0.132960009195646 -0.113601976151055 -0.940803778446757 -0.55033808752293 -1.33740738228716
GS1_SS_05352_04138 -1.04391351188407 -1.7362294363927 -1.24617836041699 0.556558007715273 1.77286206332258 1.20679198387141 1.55702239274048 0.0447872164608589 0.411307411788954 -0.162907560891728 -0.650243672457602 -0.128970505768756 -0.609383458089544 0.0284974300018325
GS1_SS_05578_19435 0.598090410479119 -1.90061692350179 -0.954742785609309 -0.34655395894786 1.47805806801669 1.0285093734051 1.40336102048244 1.16879407243283 0.115064685417734 -0.686789901070306 -0.253638119332092 0.185434769832618 -1.19418326054073 -0.64078745106446
GS1_SS_05629_09357 -0.868479729067751 -1.89271885621268 -1.23704291398471 -0.586864875620149 0.576450856661958 1.35104442319463 1.05782288381317 1.27773903834926 0.935647242404237 0.613918053360699 0.00263259417797831 -0.146828940478956 -1.25536926019606 0.172049483598373
GS1_SS_05810_08429 -1.38291239463627 -0.847351141124597 -0.976947596055994 0.703278249144926 0.887367671270368 2.01626209193784 1.66026219164436 0.28544678722153 0.32885379260819 -0.0686794293861913 -0.176884662238551 -0.966017774555756 -0.934789713126504 -0.527888072703346
GS1_SS_06007_14158 -0.843407050952866 -0.833354352359888 -1.13694584986782 -0.53036601676753 1.41643959274859 1.48881902261803 1.53506143614573 1.32395476569319 0.376990558234666 0.13713316980621 -0.625464545457102 -0.847428130390057 -1.1490090881794 -0.312423511271767
GS1_SS_06042_19517 0.406129200583077 -0.988526062005796 -1.47514271641352 0.16761460136703 0.213740917338691 1.46381734381501 2.16468168109157 0.564641806046891 0.853543812779325 -0.672140014809879 -0.958698421192713 -0.466968456931314 -1.04455941581895 -0.228134275849412
GS1_SS_06263_07854 -0.725466535290439 -0.873111999661221 -1.1142662581335 -0.34650984340543 1.52858755410351 1.73529120422261 1.69099756491137 0.822350082863266 0.535425730436045 -0.485788731461868 -0.740231081727517 -0.603905102958494 -0.806179389146466 -0.617193194751865
GS1_SS_06294_20347 -1.1845046846426 -2.30314179296885 -0.760881675359053 0.601423776998262 1.06590135893373 1.54156531195245 0.639360165889326 0.989055853231314 0.836823933706916 -0.158276728743304 -0.299808641144582 -0.372763235165859 -0.698140724500755 0.10338708181301
GS1_SS_06341_04304 -1.04126083036033 -1.25869805147555 -1.11354454268076 -0.504017022573393 1.27767880543274 1.65081905011385 1.47694741777553 -0.498957162710963 1.19289196449473 0.320798743418044 -0.973665791271502 0.0254123298275531 -0.73610634753735 0.18170143754739
GS1_SS_06645_08721 -0.773349523323837 -1.38046216407521 -0.476709676070634 -0.0850835979353189 1.26316756274089 1.38305309686395 2.22225183572534 1.0003415840865 -0.199897051768553 -0.664222947391311 -0.579688275894285 -0.648391908910959 -0.613502144493095 -0.44750678955348
GS1_SS_06748_18960 -0.647672971070377 -1.06088755850355 -1.26201851431439 -0.178101888098131 1.16947551583452 0.328110873952527 1.43433113091217 1.84356292714116 1.3327699552057 -0.722649015488974 -0.932442542168898 -0.305152927511317 -0.763173915991456 -0.236151069898983
GS1_SS_06770_12962 0.05089468585889 -2.34351210203174 -1.45809586062682 -0.367276648866457 0.512430322621936 1.01035710732617 1.26509514291446 1.24984136832833 1.14960227819094 -0.594775801265239 0.0267065575866058 -0.0663414673887581 -0.325655635352887 -0.109269947295425
GS1_SS_06888_12348 -0.479992441217366 -1.26791266445917 -1.33119942937819 -0.890090677892619 0.619509621309083 1.0125204314562 1.9924105082857 1.46923991828846 0.894174181057632 -0.271778984633789 -0.671434905097403 -0.23528361686382 -0.824905310026028 -0.0152566308286925
GS1_SS_06920_06512 -1.08625321600719 -0.847522051816973 -1.42585670309468 -0.295615949138356 1.2169981568139 1.27079672902578 1.90292995251536 0.426831627451919 1.32123289047441 -0.322414362921398 -0.390570429092323 -0.444369001304202 -0.624594218213998 -0.701593424692251
GS1_SS_07146_19011 0.121848266266827 -1.1580229698439 -1.33117353166272 -0.173229149499401 0.569875344973008 1.30396158101735 1.58533124397293 1.55106186194629 0.964875064122177 -0.226869750629521 -0.622067871464107 -0.669954823717123 -1.30772605974975 -0.607909205732048
GS1_SS_07179_02389 -0.556494542594074 -1.21836252326675 -1.57229891111512 -0.305433198894973 0.681704865188971 1.08164604806139 1.93238798619462 0.663210475229553 1.53938219955699 -0.183208399250668 -0.0742533244022461 -0.730110628338112 -0.851017702697809 -0.407152343671773
GS1_SS_07299_02577 -1.51448579258698 -0.39113005429284 -0.662515952721805 0.357693998779672 0.653729586395747 1.63253763275771 1.39082708830158 0.159778533170542 1.67322158578498 -0.506959661735185 0.0554361595241327 -0.612977256976835 -1.13421049046739 -1.10094537593332
GS1_SS_07507_07306 -0.628767909671921 -0.387765239103899 -1.45689410747481 0.429336368449599 1.75562021403298 0.176539950172928 1.91714328047751 0.659570834587986 0.884933970151062 -0.209320708555661 -1.19538057132653 -1.16281957221787 -0.321617697607569 -0.460578811913812
GS1_SS_07565_03331 -0.851343821217752 -0.777537053552351 -1.77608903669759 -0.558651877626626 0.816366475484048 0.596559435169059 1.68954490168946 0.802250427023453 1.77020803575001 0.356298528717288 -0.332795102257095 -0.484412986028758 -1.0097892631224 -0.240608663330756
GS1_SS_07593_16571 -0.652525252078838 -1.47632435394619 -1.42194435705326 -0.385970705606645 0.336727882888282 1.31093974211906 1.94730140788738 1.42317079953638 0.600528718879514 -0.0241470326628816 -0.374145948835459 -0.174675492147352 -1.01698693338251 -0.0919484755974702
GS1_SS_07632_12774 -0.669624375057837 -0.401077950077315 0.660262805317941 0.164643886413879 1.05029192599294 1.8253428160867 1.39971795930768 0.68236046412258 0.322048884598653 -0.364829081200738 -1.42725839121691 -0.860121433718524 -1.52087408861588 -0.860883421953167
GS1_SS_07967_19491 -0.00190751887313869 -0.263873444117519 -1.03196771036803 -0.29185038759022 1.2222109259824 1.45670857945358 1.74792312741942 1.11360951813837 0.580521577058542 -0.653007294237812 -0.480058916406571 -1.00195608009732 -1.2016097221525 -1.1947426542092
GS1_SS_08000_15358 -1.70091791458089 -1.58749638181531 -1.30961362653965 -0.788063611705952 0.607399313086501 1.20267332421783 1.35579239345135 0.641236737028231 1.26694552611832 0.425735824773639 -0.534755521862835 0.329327521922901 0.025168778223218 0.0665676376826527
GS1_SS_08115_13190 -1.16326626999831 -1.49895312289202 -1.35680001681969 -0.109278059433076 0.835269386336714 0.537432938794799 1.93669905519356 1.50167629685172 0.877230242948428 0.0364374377311918 -0.555262021134714 -0.510732132485549 -0.457638803711545 -0.0728149313815098
GS1_SS_08457_17376 -1.09333572225784 -1.27290609261197 -1.2089912150283 -0.0688715415595492 1.52413069307351 1.87109717138487 1.39934450350539 0.562363963719198 0.581234070434377 -0.216788829681763 -0.609408791981466 -0.697672194358918 -0.585060267187686 -0.185135747449849
GS1_SS_08751_01486 -1.75226791563071 -1.88033092888416 -0.591163262132809 0.520423692907097 1.36108622879749 1.73389188960197 0.746952934128747 0.284787748520757 0.348250086199687 0.026385046222694 -0.971083534784698 -0.306578788236264 0.268281849034758 0.211364954255448
GS1_SS_08823_14523 -0.398955242355722 -2.04591948372572 -0.948233485645609 -0.767752203381315 -0.0228751942162496 2.15563834133374 1.49406708158681 0.421915412830273 0.511865891129198 0.408858085335268 0.197039217082961 -0.24110666108277 -0.763399760882979 -0.0011419980078965
GS1_SS_09017_02772 -0.668357140669825 -0.747861906919717 -0.913335241553638 -0.252734663444779 1.52739644429671 1.72971345109521 1.72324964896108 0.796986803139162 0.503530186249317 -0.477674977712766 -0.784705579084301 -0.672235421950307 -1.05683164893149 -0.70713995347465
GS1_SS_09034_18205 -0.113324492524894 -1.41100975026766 -1.44910656616512 0.180479747354462 -0.0486995273375819 1.41074760314256 2.05161184125007 0.445960700022094 1.36092255282222 -0.030748148118884 -0.366638399277632 -0.485516421659231 -0.925524672286427 -0.619154466953982
GS1_SS_09115_13618 -1.5121177253038 -0.868165225011436 -1.24670711209726 -0.368861508916638 2.33467734985845 0.828638001544605 1.23056919891925 0.441967914429332 -0.145253067290131 0.385568159122943 -0.895038049598598 -0.0208418423495669 -0.5500042524301 0.385568159122943
GS1_SS_09141_08833 -0.972038651185403 -1.18935368366508 -1.3082780518331 -0.0442574652760923 1.48088338865413 1.2601460721984 1.55446249413938 1.19255596367125 0.670657657322414 -0.0849826445911819 -0.62108342944066 -0.359963162067438 -1.00027249398788 -0.578475993938739
GS1_SS_09269_00890 -0.711738804823928 -0.457237882665473 -0.381350830394457 -0.503287835390076 0.949056827462777 1.3305357257731 1.95180136016418 1.21881690555364 0.761042227581263 -0.2282143012156 -0.968283363937617 -0.709013955550283 -1.52101903909653 -0.731107033460998
GS1_SS_09270_07326 -1.06780414451378 -1.40147847736795 -1.70599680055526 0.388700516177837 1.35538421446605 1.00227254183396 1.42665446031839 0.88564850316648 1.09945924072352 -0.233618312378345 -0.176926071359432 -0.34505906043838 -0.668366812077667 -0.558869797995423
GS1_SS_09301_01396 -1.4154666699571 -1.76993357389085 -1.14961649200679 -0.764592096354623 -0.431515436623777 0.625773776833772 1.82546090169919 1.09941489846938 0.875734059090499 0.389258790933153 0.732724997848264 -0.135107766955042 -0.364288954843239 0.482153565757169
GS1_SS_09319_09624 0.35150172331223 -0.943876312939136 -0.965123438567352 -0.767281350750526 1.28498199681416 1.55318341867851 1.08296014657866 1.72385705077402 0.271389610287811 -0.506046199583942 -1.18769578736128 -0.760713899050198 -0.950494270102023 -0.186642688090932
GS1_SS_09349_14017 0.235903835931841 -1.40137034657962 -1.50956027053412 -0.854410175476306 1.06535991958302 0.954765775096198 1.18557094619914 1.66160661159894 0.537393090685053 0.562877828327669 -0.204068521483134 -1.11360919106597 -0.909178319202607 -0.2112811830801
GS1_SS_09380_13202 -1.48291879949213 -1.49774495165589 -0.621354623753401 0.416476027710074 0.0985374313093587 0.957795316711499 1.67340426114917 1.22038294503416 1.1760033295573 -0.319889529756868 -0.461561650432834 -0.644219845090406 -1.13368054852347 0.618770637233431
GS1_SS_09518_08812 -1.42595530055974 -0.406239973742132 -0.838750808955792 -1.30598879152237 -0.0655982283439279 1.00904913155921 2.21723815810131 1.25750608580239 0.928545289968346 0.285777362599724 -0.257544642803713 -0.0959055569428413 -0.599133492220633 -0.702999232939825
GS1_SS_09613_05821 -1.0520950117605 -0.922381681466781 -1.35119869102602 -0.539498451223314 1.58032257361208 1.272062659267 1.46281755675776 1.22322940550936 -0.217351580340908 -0.249398403119356 -0.444731418149901 -0.788090233633281 -0.775881920193872 0.802195195767741
GS1_SS_09996_02174 -1.4743595950904 -0.992907827442713 -0.713376404969669 0.360945066718495 1.18809498884108 1.4867003201417 1.98656827562291 0.0883854867824263 0.719797641074478 -0.397012606829589 -1.20337854554006 -0.325847195272922 -0.619940560554326 -0.103669043481406
GS1_SS_10029_12451 -0.673484389652016 -1.07999093218085 -0.788316746298578 -0.0648728994252374 0.656274300315172 1.60938286048164 1.91943022342735 1.32459861599816 0.602303092691288 -0.274660131782842 -0.516623390472812 -1.15118699330171 -0.928412221407384 -0.634441388392185
GS1_SS_10034_17347 -0.815681953856164 -1.43134257921777 -0.095731844493041 0.703820866185248 1.60564780513556 1.29731367852238 1.40613748791526 1.02223127144592 0.0861449850941439 -0.460190843172735 -0.353382289509347 -1.29934332893566 -1.03101202855301 -0.634611226560778
GS1_SS_10061_05419 -0.773152127632133 -1.2428221408937 -1.38247363153485 -0.504139256186544 0.301319091282445 1.4436315343348 2.15952917583208 1.25252949451007 0.629977849388717 -0.0895948313359624 -0.596750244716992 -0.349567106282151 -0.568819946588762 -0.279667860177027
GS1_SS_10077_10549 -1.17618568395065 -1.46925220886057 -1.62336477799423 -0.0792073639861211 -0.24592684656203 1.10316447789182 2.08291618789238 0.683018244335619 1.10217916802359 0.136044945689093 -0.562009199419613 0.342202087349862 -0.257321070935682 -0.0362579594734608
GS1_SS_10179_07871 -0.199153133562442 -2.34021382433971 -0.797774784000662 -0.300099944898133 0.788184332693945 1.05032837737582 2.16003738031083 0.396644829845409 0.632422696881217 -0.0491447600740912 -0.720123390665516 -0.0915000655296257 -8.31979214305133e-05 -0.529524516115611
GS1_SS_10245_01403 -1.70561299542691 -0.983234290523406 -0.713911213297832 -0.0622748813809996 1.52973562191354 0.964918261147955 0.975600386174255 0.883467057822422 1.12515013654245 0.366719259675186 -0.217325926137736 0.309302837658827 -1.29568644754267 -1.17684780662508
GS1_SS_10336_13198 -1.58784139551068 -0.747692505245763 -0.949328238909343 -0.283370218559352 0.901519766344268 2.14241967726555 1.6814579861402 0.513090929411788 -0.0262846581382881 0.221279214859774 -0.562859749387481 -0.568740791619336 -0.859712357281085 0.12606234062975
GS1_SS_10373_15280 -0.221478438597992 -1.18994487377556 -1.23008356886747 -0.852779835003527 0.627535239986054 1.42870359402055 1.62297487826538 1.38535380332128 0.983966852402201 0.217703107619633 -0.30914134867872 -0.519628665740687 -1.10806193578806 -0.835118809163087
GS1_SS_10543_10626 -0.79302582671947 -0.978698160151319 -1.45131864525057 0.224514824830524 -0.517330543744907 1.34783244209321 2.25087515469356 0.650154583137171 1.27750201276296 -0.0531497101652857 -0.392705022971712 -0.611573319047436 -0.657991402405398 -0.295086387061331
GS1_SS_10545_08139 -0.818458449513877 -0.888087680163846 -1.4242327561686 -0.704034413812429 0.731952419625417 1.68819385388498 1.47466421322508 1.08706149594026 1.03600006013028 0.411890056071063 -0.357048747740087 -0.468223419344537 -1.12946901308374 -0.640207619049959
GS1_SS_10571_00811 -1.15715865312528 -1.02713934679862 -0.616794727540721 0.474998596507268 1.70879882250069 1.28831085310383 1.41371954573096 0.92130600262148 0.388687908052123 0.0194699629940025 -0.841792676077638 -1.32498499178807 -0.922939477189312 -0.32448181899071
GS1_SS_10605_04124 -1.04957069775427 -1.57509937916908 -0.856579939042614 0.404095078633814 -0.41074159553274 1.15349304015414 1.75324893645805 0.915965952509029 1.50779438226278 -0.167751384871792 -0.0668023726226193 -0.139248134354378 -0.141029587511717 -1.3277742991586
GS1_SS_10689_17050 -0.16226252416445 -1.54835530643947 -1.12075322532954 -0.174832894015796 1.09770754726874 0.473379177985249 1.77860258088328 1.79536307401841 0.343485356188013 -0.175461412508363 -1.03716026581809 -0.186565239210385 -1.10189767055252 0.0187508016949235
GS1_SS_10719_18161 -0.353434661264849 -1.0255210407597 -0.771292569172203 -1.00381861025832 0.423030074450879 0.480903222454535 2.85439125665212 0.82917555954797 0.739265490328003 -0.714866249868638 -0.817797777389428 0.032386325426196 -0.441277832341828 -0.231143187804741
GS1_SS_10726_12716 -1.02399399017973 -0.863309708396305 -1.08634908460314 -0.338807433380866 0.171545031746182 0.213514806838867 2.50386539046824 0.85529262482758 1.3016112045275 -0.249351855611886 -1.18923499040178 -0.0119228422304117 -0.700227153750444 0.417368000146194
GS1_SS_10913_06436 -0.760296693714282 -1.10523886673109 -1.3955651956869 -0.412480002589001 0.649654438491921 1.00120800315822 1.89575803851514 1.55512764266104 1.05639875084091 -0.506907922452352 -0.155541201463106 -0.307272639818874 -0.816349796829514 -0.698494554382104
GS1_SS_10966_12715 -1.37048512179303 -1.87549841226989 -0.724365176624109 0.327436400784497 1.34117631475643 0.996764677317247 1.5769729614129 0.355286398421089 0.949419681335041 0.171476414019585 0.36178473120296 -0.607395186550424 -0.690016846205646 -0.812556835806649
GS1_SS_11077_07624 -0.907548639846094 -1.75940014629151 -1.11890060211092 -0.356744806480328 1.30778076950288 1.02812603894516 1.6029002777873 1.30520330654843 0.543047510917842 0.196894236135332 -0.717589620103198 -0.358549030548443 -0.825069825303724 0.0598505308472749
GS1_SS_11159_10537 -0.673030095036795 -1.44253937966813 -1.91743653818347 -0.317956525128334 0.916116507624723 1.66627813024247 1.51017767536012 0.63513568883648 0.895559616735286 -0.492305343046235 -0.0464296775512765 0.0503086325166631 -0.519128238110527 -0.264750454590968
GS1_SS_11260_09509 -0.823469284300086 -1.41582025522145 -0.808879358907934 0.0986140004839058 1.0022167131045 1.74922089318268 1.6072122860324 1.29206989756192 0.13362982142507 -0.251544208927737 -0.721145274216461 -0.558905303855734 -1.18724475741107 -0.115955168950006
GS1_SS_11300_16959 -0.615860729975887 -0.556043623777243 -1.22073169346242 0.0281492264464208 1.01048010825816 1.31414470862194 1.87809325215469 0.921308757357682 1.11411167822358 -0.98503012270386 -0.197912198268842 -0.899714830220702 -0.768126836729728 -1.02286769592379
GS1_SS_11351_12709 -1.48783139425549 -0.937554187491634 -1.32473797197811 0.72958677502766 1.28997577397271 0.762857833172244 1.06425447754083 0.31565566928769 1.61094362901458 0.524415249802726 -0.0526092782146151 -0.914721108372802 -1.09314531234425 -0.487090155161533
GS1_SS_11536_19273 -0.40697952429374 -0.491475658000424 -0.947113037228872 -0.168465121552088 1.87655522841221 1.30593893306391 2.01559949906878 0.301183641873291 -0.216595830625515 -0.830529764139903 -1.39633298858086 -0.400562096417283 -0.663141853695649 0.0219185721161371
GS1_SS_11600_11538 -1.59253261065688 -0.516262717337979 -1.81237459597068 0.275780164011728 0.94234106348319 1.01880784098364 1.82935568248846 0.547963658524596 1.12586132948428 0.0962361704406612 -0.384357526149695 -0.345741803511966 -0.499057692400377 -0.686018963388988
GS1_SS_11841_14877 -0.329655179069126 -1.87281366536804 -1.97163406051357 -0.31405195878299 1.16721375371424 0.878554178420717 1.47927815943698 0.813540760561815 0.897798150106952 0.3511653327493 -0.0433360868185199 -0.623515827791366 -0.218872315037557 -0.213671241608844
GS1_SS_11844_19709 -0.576713580252525 -0.866425695501932 -1.47959661195287 -0.80593635275755 -0.101203673289322 1.50794018969596 1.66584921075497 1.69768570693623 0.869936806223635 0.23486238039999 -0.271083216912491 -0.697692265741288 -0.777283506194422 -0.40033939140838
GS1_SS_12166_20530 -1.87592061761113 -1.38607843451767 -0.308879189288999 0.657425228378239 1.38289057269119 1.25135887537906 1.89767842251626 0.0748305208008779 -0.229869459386332 -0.267832228576075 -0.848612705845682 -0.0303948370488283 -0.318403898404705 0.00180775091379729
GS1_SS_12233_00222 -0.412662911983842 -1.22991109286717 -1.41190333482858 0.665097434122232 0.376427978633753 0.873873439994946 1.92805491701671 1.14285568440332 1.2218334497828 -0.417241333165261 -0.242803486153191 -1.05249727208717 -0.920867663121371 -0.520255809747193
GS1_SS_12247_12503 -0.848523976217655 -1.12454765707892 -1.29471759625067 -0.677014116265024 1.17207656134927 1.37574452004302 1.47489865782814 1.54189469687214 0.634768328216424 0.0476150420348403 -0.201476231130738 -0.683713720169424 -0.977156371182128 -0.439848138049277
GS1_SS_12357_19533 0.0381921057336391 -0.754966605130376 -1.81966793226479 -0.668250478114697 0.597109328268995 0.965323034960743 1.26996890303795 1.59620384838048 1.41629487116953 -0.1393180851145 -0.0397684510577732 -0.734217103092046 -0.576496899737112 -1.15040653704005
GS1_SS_12446_10378 -1.58888444843319 -0.659881903242744 -0.272594847427095 0.360926521740733 0.134755745032065 2.56669958060914 1.03062305546277 0.836675534575499 -0.260435128249209 -0.187476813181897 0.107396376881823 -1.30191507583509 -0.809750442110181 0.0438618441773723
GS1_SS_12647_18803 -1.1320048576072 0.405984890525146 -1.37508972278884 -0.579737894239487 0.889150201206398 1.81232643077261 1.6621054466716 0.40653114864915 0.952243014528823 -1.02463782333428 -0.674786807816127 -0.014906994019686 -0.787862239484888 -0.539314793063215
GS1_SS_12682_12717 -1.08917304326485 -1.57002668896364 -1.3451670704714 -0.0444406619624495 1.37909369203072 0.718871258350049 2.26642434038855 -0.0617375556926217 0.681682936830179 -0.301126564918205 -0.582374056970804 0.0939344878789279 -0.252003386724516 0.106042313490048
GS1_SS_12775_08157 -0.968850311636027 -1.78741851705587 -1.17349236299099 -0.417462768465218 0.16977806210298 1.17088697733145 2.04348068430901 1.13486997629298 0.895848060310384 0.349699353654262 -0.263997601313105 -0.289111273855386 -0.432360709803859 -0.431869568880607
GS1_SS_13158_18428 -0.91566032797439 -1.1917624853118 -1.17939970214744 -0.257685535115581 0.94013078925369 1.90030694835245 1.75057990780629 1.16678181393366 -0.0159244421236183 -0.12306856288142 -0.587222388574513 -0.743955006247143 -0.665794743796901 -0.0773262651732817
GS1_SS_13197_06977 -1.30913067641038 -0.00524971466161617 -0.619378478672028 -0.145693234442076 0.968713629614708 1.0894950566259 2.10805129599938 1.58749614339299 -1.0182713159183 -0.200540999563439 -0.83810471776207 -0.59278562285561 -0.773118426360697 -0.251482938986765
GS1_SS_13438_11960 -1.13098846420835 -1.29169586535799 -1.44181548478484 -0.336904834998336 0.188135697934093 1.93190553417312 1.76741678240819 0.876908712508395 0.86480839053948 -0.236699043693263 -0.282075251076692 -0.467739566287223 -0.225354991847405 -0.215901615309191
GS1_SS_13441_11131 -0.869683588980674 -1.29083493627075 -1.43687175691944 0.0393249565796555 0.510599909408508 1.61859540026563 1.72411878034726 1.430160792977 0.188376730944958 -0.234658962418006 -0.607194181027619 -0.420267050597302 -0.944115258859681 0.292449164550466
GS1_SS_13449_16632 -0.809736718504844 -1.24254088676108 -1.38383670080353 0.821338261072546 0.39834249155809 0.570984027453644 1.91878147693622 1.57240096192925 0.317200283785169 -0.456154232393766 0.314113724740552 -0.265610654039435 -0.351554175881759 -1.40372785909106
GS1_SS_13650_21320 -0.248658366412717 -0.562353077548185 -1.39093066898617 -0.302926227832777 1.00612047812916 1.6308626876479 1.88631871823501 0.95979425496569 0.712412223272783 -0.423374408057788 -0.612650119839948 -0.756923214834742 -1.01370285179795 -0.883989426940248
GS1_SS_13840_03777 -0.997640840606984 -1.24990402727461 -0.870977046457415 -0.00913104542458781 0.617056434392149 1.57395350111873 2.14766598050207 1.17160968440833 0.329242233232119 -0.245428207619583 -0.561129731525149 -0.649581507103545 -0.898651488876648 -0.357083938764876
GS1_SS_13858_11494 -1.02859063201507 -1.10943858519137 -1.20693170519809 0.0931747183060671 1.53238717889297 1.29222120033985 1.3546405759539 1.43786641010597 0.440761469939756 0.0521562714739745 -0.53934162124968 -0.74205597443437 -0.935853273959909 -0.640996032963996
GS1_SS_13865_02461 -0.575597693808242 -1.12163751187173 -1.57744193627219 -0.27076402419017 0.107356981178585 1.24634745337013 2.18352299704224 1.10706102520309 0.147442319517356 -0.0747334157773338 -0.864235267127821 -0.0550088842138115 -0.986862853387842 0.734550810337741
GS1_SS_13981_14720 -1.34484315313568 -0.747735115843183 -1.83261009986883 0.699713298587432 0.837913933495157 0.840352768228822 1.58988797637543 0.56313855350215 1.56956435359488 -0.30833839132774 -0.553034809605535 -0.309151336238961 -0.684325412767874 -0.320532564996068
GS1_SS_14005_08439 -2.07319555786438 -0.68363776798661 -1.08632994782764 0.469013416698445 1.06299664421062 1.91448705128009 1.34208537786415 0.543567876303605 -0.0818067026212645 -0.0881830708769691 -0.322146736874744 -0.800374356052586 0.188453213447444 -0.384929439700143
GS1_SS_14012_11652 -1.27017344010954 -1.21679568506918 -1.21227214650644 0.135145238100489 1.38966723478294 2.05824623435625 1.32090944862926 0.477812331305344 0.169216530555064 0.11312465237706 -0.539169608370381 -0.654067487864036 -0.717397027742428 -0.0542462744444058
GS1_SS_14018_07632 -0.971077104616483 -0.562812678357165 0.0363613315570342 0.647372743096272 0.977560690552142 1.93286418765368 1.42410777738605 0.261523822041815 0.8408764807243 -1.40729794747962 -0.903075010174771 -0.3418058714216 -1.10959988959034 -0.824998531371323
GS1_SS_14070_09154 -0.884085978590565 -1.07715196482658 -1.14969120821005 -0.781415049493958 1.07893754620217 0.91935121075853 1.68157126046486 1.34900672926063 1.06889365096446 0.510676273419645 -0.437690634692274 -0.524737726752441 -0.702179875952012 -1.05148423255242
GS1_SS_14212_08208 -0.961577002507418 -1.01326256116021 -0.952962742731953 -0.174233659029936 1.61265096039397 1.53081549252706 1.95147851156226 0.565156971697457 0.258202181698396 -0.0870860643014845 -0.681613559804812 -0.429933603364983 -0.865384435014728 -0.752250489963623
GS1_SS_14392_02642 -0.462332480657854 -1.92702736941086 -1.4330543871822 -0.565351846030542 0.783324388343763 0.735552001246649 1.5194091283095 1.48041126129145 0.494090207959876 0.781699477218011 -0.263118376640637 -0.570876543858099 -0.847777648797527 0.275052188208483
GS1_SS_14584_08077 -0.435161744428592 -1.8944095703361 -1.56293552110907 -0.633284164656244 0.814025515417038 1.60194314047624 0.896830526948082 1.30602952564904 0.789133211337154 0.307797331425102 0.144981342494429 -0.00462648508773364 -0.753935638512827 -0.576387469616508
GS1_SS_14641_12206 0.0165468829607987 -1.09256604504306 -2.23886140909822 -0.471472590212493 1.59680041514098 0.995032042205494 1.22742226752611 0.815724636773903 0.745518326598096 0.307646217836095 -0.385855138778582 -0.392215292313673 -0.932583721506555 -0.191136592088888
GS1_SS_14671_04676 -1.84438444009166 -0.472625886425943 -0.16993205681541 0.268463837980071 0.828844212423842 1.25170862607451 2.15185432162044 0.858320016056328 0.352696615283677 -0.381250895165235 -0.731106010587747 -0.685520546585352 -1.13809883766708 -0.288968956100451
GS1_SS_14765_02725 -1.06328781294038 -1.0424091354319 -0.532969404225155 0.282969312805982 1.3193868643266 1.7678608572086 1.41334091311473 0.98073471513916 0.611098608529149 -0.674526837732604 -0.892082657370896 -1.14680252297427 -0.766810592320056 -0.256502308128955
GS1_SS_14773_11460 -0.73839135748657 -1.36666676777743 -1.46502298216801 0.411774169978811 0.602264062747511 1.40938720165472 1.45956894369073 1.35519092025583 1.00793326536663 0.00168897406052633 -0.495310999064131 -0.911016550090449 -0.802623987292664 -0.468774893875488
GS1_SS_14876_01578 -1.27814732578722 -1.31761371873168 -0.560576544978738 0.291179971840926 0.981124277588279 2.12313817524497 1.55984511231032 0.765135472564927 0.174574719959549 -0.320190333407898 -0.620134919785842 -0.601836864875226 -0.869131980726384 -0.327366041215983
GS1_SS_14998_13963 -0.691713822778485 -2.23971083397341 -1.16284334792477 0.291584384756787 0.0220391999866837 0.581977461406185 1.18295488006839 1.44888861900114 1.53425006606597 0.319884987591358 0.0519157064593748 -0.188573754982891 -0.767225872105067 -0.383427673571266
GS1_SS_15012_09500 -0.984060383890739 -1.64591917867313 -1.19225497730443 -0.37311380409161 0.544215212303211 1.71337786352595 1.29698867669857 1.37517529256572 0.772956521049433 0.361476726381151 -0.018546592601045 -0.375841244179999 -0.741318216024121 -0.733135895758954
GS1_SS_15031_08870 -1.59720224444001 -0.970837979509141 0.078695000122055 -0.0555259137917037 -0.282210123957163 0.67728299259022 2.41451173809344 0.910118994643393 1.01824139751837 0.22223681083538 -0.835125722107452 -0.898694238280496 0.147669636438848 -0.829160348155729
GS1_SS_15056_08630 -0.613622643123886 -1.08936057551093 -1.92031616408029 -1.16706443780081 0.467888256502656 0.504361497985662 1.7254221911124 1.24492687940149 1.2005246723787 0.723200946883702 -0.155011276302778 -0.0903109174981401 -0.566048849885182 -0.264589580062593
GS1_SS_15077_11642 -0.771960687550768 -1.23293996508312 -1.79449653953162 0.600081271213705 -0.127846915216927 0.289967939055577 2.09449227455949 1.27897802539771 0.906213418702235 0.498246758086104 0.0328672238136702 -0.711614309401078 -0.390186031339884 -0.671802462705102
GS1_SS_15272_11456 -1.49209707910525 -0.63498277460585 -1.14063916161299 0.700527777585949 1.23066808170242 0.699051063646906 1.32842654446708 1.73895301952106 0.722087801095978 -0.193740649619772 -0.584508692169357 -0.718594317834471 -0.824622378657765 -0.830529234413938
GS1_SS_15455_13536 -0.987417201248159 -1.17592412148644 -1.08376518270328 0.772609077376628 1.30168516684541 1.52181935925701 1.45060563383366 1.03882273917981 0.357893852852401 -0.222916913615115 -0.757019854290255 -0.949715817200502 -0.96647198788835 -0.300204750912812
GS1_SS_15509_13879 -0.460914756859245 -1.55882802790234 -1.28857245349173 -1.02481340731215 0.0230765963520596 1.4282756527226 1.44191836200775 1.59198816414441 0.737889597611655 0.624914971674144 0.108181116178477 -0.21014876714171 -0.750010263139823 -0.662956784844099
GS1_SS_15512_10419 -1.02595358539148 -0.675276600388188 -0.952027085850244 0.128437138213946 0.7164371422573 1.66762476968784 1.82874662766233 1.41362089946925 0.500344297444462 -0.688545459280204 -0.904638304093042 -0.790905227875759 -0.713187625793949 -0.504676986062263
GS1_SS_15636_15445 -0.891080165210199 -1.69669575902987 -0.495542351623393 -0.42453321218913 0.965301622856964 1.72357779038713 1.02701194641293 1.48857135273564 0.334672836928866 0.0286572598431133 -0.747962935374237 -1.23175496511506 -0.55759081393857 0.477367393315814
GS1_SS_15775_10835 -0.813613613750982 -1.20700426667104 -1.32001467241899 -0.141273225123968 1.06178691707884 1.14046504766285 2.12179591276526 0.930179862283762 0.644363671544023 -0.458846770390345 -0.917468746121878 -0.455985747460017 -0.780711850052213 0.196327480654703
GS1_SS_15942_00946 -0.776178324190002 -1.36166384896065 -1.51090525723553 -1.06203302157803 0.911397600148938 1.32353348915416 1.68400889067962 1.29942526166361 0.759400965875145 -0.1309962361094 -0.438089133905772 -0.451291258483934 -0.178294282424206 -0.0683148446339539
GS1_SS_16016_08567 -1.318738440373 -1.1817476267852 -1.25455393330739 -0.0431911096586502 1.82821836127675 1.14805418192475 1.76020194334155 0.36136288039818 0.272462548223722 -0.245037014714237 -0.205568332757473 -0.98536219471878 0.280222167734639 -0.416323430584853
GS1_SS_16049_07793 -0.49476894660993 -0.424934179533111 -1.12187578116553 -0.304715268424358 1.67151490190725 1.17236035870716 1.54965557680676 0.587435598224808 1.27781554389028 -0.548433918625338 -0.600927166360934 -0.435011008339497 -1.40308960832051 -0.925026102157046
GS1_SS_16325_07364 -0.643276688119836 -0.972415700089301 -1.06835622059955 -0.220998338720713 0.969504470530544 2.10888568856101 1.60257184674415 1.094857413387 0.115773897143363 -0.015671618913379 -0.518624041033528 -0.820451517967229 -0.882777841510383 -0.749021349412153
GS1_SS_16411_13862 -1.34036695463994 -0.605248439594982 -0.510642670109516 0.494713377867603 1.57928478306939 1.25487903443502 1.55363409596807 1.27147653785353 0.212857592542485 -0.579899525283087 -0.925127596387942 -0.676466817899829 -1.01007663661173 -0.719016781209081
GS1_SS_16531_20376 -1.15662624842605 -1.76258722933843 -0.468356750200042 -0.173181377764971 1.80222303776205 1.53401080030902 1.0742183932467 1.23883542787395 -0.11513968193519 -0.438129656772797 -0.65000313323701 -0.209666756732787 -0.579047514863194 -0.0965493099212504
GS1_SS_16547_07460 -0.548362549748719 -0.217367593121333 -0.853848103528007 -0.263995436032203 1.33766051328288 1.21638630302143 1.88966726343847 1.24356845359727 0.464486199400402 -0.343450953100053 -0.625099851758985 -0.947731069747651 -1.37428174032243 -0.977631435381079
GS1_SS_16696_15457 -1.53465366720012 -1.24841590527247 -0.809276452796128 0.316833628306569 0.176903218614851 0.375168159534862 2.34586080146458 0.946556704547395 0.954527882727659 0.459590182989472 -0.477385579472424 0.140018403217085 -0.688984127530332 -0.956743249131005
GS1_SS_16981_10931 0.0736733798308234 -0.841228472636843 -1.64384294397548 -0.925990153333465 0.750456077764164 1.18693504176378 1.32412662804594 1.64962895855617 0.486995802196827 -0.193282222775549 0.422769167854541 0.073236463950944 -1.06130300133215 -1.30217472590971
GS1_SS_17125_05715 -0.769787594275202 -1.44603862954005 -1.33735542744391 0.439999160370673 1.37533338447075 1.92533625568453 1.11844581587988 0.890101310465781 0.359419897402427 -0.252719026726919 -0.507410975073419 -0.503854070277546 -0.923481011380848 -0.367989089556154
GS1_SS_17262_00357 -2.04221234211097 -0.458255082139154 -0.657356962910171 0.120453616020428 1.27350822212349 1.16047229379732 1.52624157454089 1.47005412478811 0.251557665443574 -0.443183625028997 -0.342376729884309 -0.927277064663707 -0.612495140284032 -0.319130549692474
GS1_SS_17279_14197 -1.45437737222721 -1.23938260846365 0.0127305669790919 0.880629049407411 1.23169644846437 1.82225168563769 1.0765736442299 0.849005768965227 0.176044943858222 -0.510849719102826 -0.202781272798584 -0.576436729314241 -0.862461408700954 -1.20264299693444
GS1_SS_17350_07825 -0.721624593260434 -0.598607919827909 -0.793384319429406 0.143250963566565 0.0455210507840592 1.67720053867379 2.32645520401212 1.30849223135798 -0.0115450171693619 -0.540516712929217 -0.844641266692958 -0.742127372165854 -0.936903771767352 -0.311569015152019
GS1_SS_17389_10698 0.232391620592324 -1.56190518780388 -0.925015388902867 -0.37593160402975 1.1894376805366 0.991972881373403 1.94638607732883 1.20786772845849 0.577296803130699 -0.631187767748037 -0.674103450766171 -0.737213200578727 -1.04718027798516 -0.19281591360575
GS1_SS_17445_01310 -0.76914886870443 -1.07827705554301 -1.27246381494276 -0.0730750068854636 1.344059983587 1.72243859565269 1.71601329846667 0.994238247903618 0.267465743973661 -0.596379766591415 -0.662060582270743 -0.796991823177188 -0.61851134578771 -0.177307605680919
GS1_SS_17448_18746 -1.0135034063597 -1.16534219663912 -0.927324633498402 0.150648702463718 0.873401344193764 1.32686583948771 1.49799225988371 1.33794596742702 1.01251850609842 0.236499175237921 -0.473449763095591 -0.861664616080274 -1.25972847167768 -0.734858707441514
GS1_SS_17648_16297 -0.901444183579629 -0.908385955548449 -1.22925008210725 -0.888331947638524 -0.950807895357906 1.55710005537753 2.09123084297842 0.398209790582823 1.26747390267842 0.521619070028515 -0.50344925736727 -0.13360707302846 -0.145562346974761 -0.174794920043459
GS1_SS_17704_13535 -0.692512892800545 -0.531571703329018 -1.44033445422428 -0.295848357715117 1.65639601905545 1.28734122250867 1.47741831697074 1.54262724718765 -0.0140625337352277 -0.734135614215596 -0.200254840865219 -0.425849990934791 -0.703612285177892 -0.925600132724826
GS1_SS_17730_03812 -0.59292389209452 -1.66657588875465 -1.3392035647981 -0.337810393590221 0.360117248371095 1.82037011444044 1.75360339047562 0.916865575626149 0.878097800420768 -0.0167916772367751 -0.293550516897411 -0.399731145654371 -0.563848060690484 -0.51861898961754
GS1_SS_17750_08554 -0.926480581338659 -1.05476270109427 -1.44839550691969 0.157415466130633 1.25080087588322 1.22092695758396 2.00819256923481 0.830808730381982 0.638385550748572 -0.0775341148464171 -0.662359997787046 -0.587323744176575 -0.775353700530684 -0.574319803269842
GS1_SS_17849_10223 -0.350011078471819 -1.41537013276656 -1.0647022859013 -0.410573196360608 1.00934050173486 1.25196566726614 1.72796987346019 1.69201272119373 0.154416400466193 -0.962823687813007 -0.230838802388704 -0.271932690693226 -1.02360839759678 -0.105844892129115
GS1_SS_18190_14644 -1.0243073775948 -1.34687923841311 -0.649253587040181 0.34271888732945 0.673547051728226 1.28361748373618 2.1796504304537 1.05448905878985 0.69223573890262 -0.486687609564288 -0.530849233366794 -0.882862176720105 -0.698535399109644 -0.606884029131109
GS1_SS_18280_17755 -0.367864861047025 -0.74151236198959 -1.3553618278238 -0.0570850348662252 1.52113083816261 1.23496429974231 2.21059944109234 0.440370268968023 0.392774694443196 -0.553798974611302 -0.731133264741186 -0.708892342066033 -0.982900509423914 -0.301290365839402
GS1_SS_18362_06279 -0.76511086331433 -1.52696283939102 -0.106211856977731 0.404218129838944 0.993759346034848 1.85964800732258 1.64073748219102 0.92656898683605 0.0108294138846911 -0.461562159901696 -0.788952603675194 -1.27012227277626 -0.604720973613974 -0.312117796457918
GS1_SS_18713_04421 -1.48087860763776 -1.49114269553358 -0.300508499618017 0.359099112523607 1.12433352010225 1.67486187087826 1.34734415711152 0.432589981857705 0.834979551329984 -0.427783189526232 0.0556553503670696 -0.0196457308322924 -1.35864265178749 -0.750262169235024
GS1_SS_18740_06659 -1.30808555167691 -0.604703630489821 -1.33338705963328 -1.05338370491612 0.842542624614548 1.30303006942048 1.25580058790193 1.41435670442851 1.35194631813613 -0.0614296516506422 -0.243735450312274 -0.586149191321816 -0.900056566700514 -0.0767454978002315
GS1_SS_18927_02895 -1.14486789989632 -0.719854208313733 -0.968427147833502 -0.164819722529224 0.326968773674951 1.43597910073159 1.64129197585923 1.50655540155672 0.577835442971536 0.515279176331083 -0.907474888029984 -1.25394036480788 -1.02296338028928 0.178437740574799
GS1_SS_19067_00458 -1.01480485461197 -1.76263247417085 -1.31466430596106 0.0838704630841078 -0.270619252680814 0.949456652605989 1.79319073636154 1.13398554574389 1.43991502647252 0.281146417919039 -0.429775423012257 -0.283609115553022 -0.143148635710551 -0.462310780486572
GS1_SS_19125_12207 -1.14668197540687 -0.786595914514577 -0.793103493928293 0.283467060414131 1.16047184606926 1.81209746469603 1.88585003138481 1.00689297190556 -0.231282471210808 -0.704166575274174 -0.704166575274174 -0.721520120377417 -0.647767553688635 -0.413494694794857
GS1_SS_19159_11906 -0.525880952274201 -1.84218929922151 -1.07440470159499 -0.421081699355189 0.235957588449113 1.39097914189695 1.99673368891109 1.26090914713931 0.310283299739192 0.563733975238363 -0.304761961186215 -0.416622156677784 -0.411419356887479 -0.762236714176653
GS1_SS_19236_06473 -0.475002210915003 -0.821006089845677 -0.958366548997462 0.254081185186076 1.85927572330167 0.246644810754038 1.2112488085098 1.85927572330167 0.061266619555381 -0.0486854881183211 -1.07309918309176 -0.0667452545961272 -1.47965639668331 -0.569231698360968
GS1_SS_19370_13414 -1.15523984640126 -1.03344181306788 -0.999609026030829 0.125872467543702 1.00667524526628 1.70836724841471 1.75573315026659 1.07366416359964 0.437607767303088 -0.0944466416415728 -0.521890073067672 -0.611885286586227 -1.10787394454939 -0.583533411049179
GS1_SS_19711_12273 -0.870082848318314 -1.29417132119086 -0.936476347006775 -0.0290985315978059 0.19110657238559 1.34580017040908 1.69159964274481 1.63350533139241 0.615748324413873 -0.134221571187869 -1.04436578237552 -0.938966103207592 -0.792181143190519 0.561803606729498
GS1_SS_19746_08550 -0.921754770544191 -0.995581583578596 -1.53577777651327 -1.23812967420626 0.147833691466455 1.06796787343184 1.96829486165629 0.79246781503516 0.949124710986215 -0.634730526698237 -0.459706960187404 1.03429564407225 -0.125865712953778 -0.0484375919664754
GS1_SS_19750_21639 -0.972178720125146 -0.869218553082015 -1.02937881292689 0.669723943706598 -0.089477288025578 0.773724112437033 2.08542624054965 0.769824106109642 1.5238253294053 0.360843442577206 -0.749878359463841 -0.59907811480471 -0.699178277207754 -1.17497904914949
GS1_SS_19802_11519 -0.116733874709947 -1.98163690223616 -0.721284603767799 -0.284606525252828 -0.875560092584465 1.75993592738703 1.39934965776299 1.37398572146601 0.756099314561293 -0.177398134719213 0.102389616185589 0.0474780015220298 -1.03506525898814 -0.246952846626388
GS1_SS_19933_16626 -1.03364004046446 -1.32576226223207 -1.1978854663579 -0.280926717227119 0.641663303648579 1.21886865750265 1.57668904962764 1.12032140196659 1.38546044662314 0.263898824093677 0.056597632983891 -0.784925538397261 -1.00431050012635 -0.636048791640997
GS1_SS_20026_19283 -1.90349127177179 -1.16708769629307 -0.672020342085108 0.0541756590800375 0.892654977694412 1.07128752818182 1.48323606297932 1.13326208651419 1.24445173528697 -0.1767707097644 0.0158972554041639 -0.524921905102108 -1.05954360977514 -0.391129770349292
GS1_SS_20201_04947 -0.822461400810372 -1.29343551644399 -1.97021344731247 -0.0792809569067133 0.239363155313755 1.53021041864796 1.55351726097156 0.958533154106681 1.0693505930793 0.394771420920591 -0.464943234601097 -0.115340599747009 -0.536183016797779 -0.463887830420406
GS1_SS_20241_11177 -1.27806499151147 -1.1066903715712 -1.41659280929652 0.272832475293007 1.03692049951504 1.52676628817765 1.66672222779554 0.647771581285665 0.969798773371765 -0.0141771694519637 -0.436901231971302 -0.294660297420876 -0.779793284035129 -0.793931690180202
GS1_SS_20454_17933 -1.17435447286953 -1.85006725831791 -0.768097706158234 0.325064634472055 0.465596311936472 0.57918238752718 2.09642704687752 0.58125512613285 1.23499688236113 -0.120159618025833 -0.0923849207098569 0.375639456450399 -0.542169198140218 -1.11092867153603
GS1_SS_20614_02562 -0.65280264534713 -0.985343638296887 -1.72210407143999 -0.330837161007082 1.39767096842434 1.51635167615553 1.76193848720323 0.91824791145084 0.406745811694553 -0.482419451079586 -0.64222713673742 -0.37783942149468 -0.558798124371933 -0.248583205153785
GS1_SS_20800_16176 -1.14052715059496 -0.648580079194559 -1.58174329669482 0.51894572279275 0.690073280672775 0.924435865159824 1.32456710696698 1.36565201125968 1.23346579744839 -0.0223032337588938 -0.221118444531824 -0.195752981881549 -1.58352959688146 -0.663585000762327
GS1_SS_20901_09949 -0.320735274892474 -1.08225204198239 -0.401233160998359 0.33440928555752 1.25709093806531 0.897556261886503 1.18504871226466 0.885549224253062 1.40151361607881 0.119635513804424 -0.83923636480979 -1.83193088464496 -1.32763530404045 -0.277780520541855
GS1_SS_20966_15439 -1.14313380303007 -1.42355362381545 -1.45047392661085 -0.605849426405279 0.694176862755746 1.44570198246057 1.63414410202834 1.20902765371771 0.819804942467597 0.349821322831299 -0.134093553501617 -0.421669688113441 -0.370296776945559 -0.603606067838996
GS1_SS_21069_17007 -0.729949044475419 -0.991516881078921 -0.641353486916168 -0.0486070184840379 0.0368244120195253 2.40253674065523 1.93108180935779 0.91328760644497 0.00307372342552504 -0.40583696307116 -0.470596096810898 -0.59178216304373 -0.763699733069419 -0.643462904953293
GS1_SS_21113_11215 -1.23983144042988 -0.588923374521664 -0.987174525206308 -0.550391818823081 1.30737961664433 0.879404122992209 0.967476250303257 2.16333060394858 0.632114103026658 0.214321949094875 -0.594427882478605 -0.704518041617414 -1.15038318612959 -0.348376376803365
GS1_SS_21134_14242 -1.37256738413166 -2.00613556114449 -0.839328910459125 0.540520410039482 1.75610195428825 0.712369775962385 0.625686934033627 0.899382321231427 0.76544090367387 0.465462672276096 -0.126659481190614 0.24736560934747 -0.961897943507078 -0.705741300419645
GS1_SS_21259_12868 -0.797585402575425 -1.26430969139436 -0.301866782183297 0.778805440238837 0.891404786154141 1.20386797106911 1.39528685912513 0.327282063118466 1.49944125409679 -0.335928084322677 0.157257050786356 -0.989848785725807 -1.03939249792854 -1.52441418045872
GS1_SS_21769_13909 -0.393021938544233 -1.44739845956161 -0.422399197235194 -0.0842936563010493 0.430289089569337 1.67620533725178 1.38670580615177 1.58914182513129 0.548118603518898 0.192920839346377 -0.79629158057469 -0.466198019283535 -1.59802367684981 -0.615754972619333
GS1_SS_21836_10558 -0.974424259644915 -0.848706952044224 -0.993765383891175 0.274690014592718 1.53347485095348 1.53347485095348 1.64952159643104 1.14633001395751 0.0538788461145817 -0.368402366595431 -0.832589348505674 -0.971200738937205 -0.726213165151243 -0.476067958232946
GS1_SS_21934_12528 -0.807209417993521 -0.947960842229532 -1.68882515707181 -0.828961910829996 1.18250389734281 1.44865204498909 1.65594050613667 1.19146080615783 0.544004254672181 0.158729219786156 -0.425901014154147 -0.439976156577748 -0.599920956845942 -0.442535273382039
GS1_SS_21974_20657 -1.30862651192919 -1.80178766017487 -0.983603526978015 -1.14810090327204 0.915563364722451 1.56263050889715 1.20517142157813 1.09263800519993 0.462119892845553 0.498527762850268 -0.454696470000436 -0.140264865414267 0.310530761371379 -0.210101779696037
GS1_SS_22260_15423 -1.11816944771421 -1.36443766879665 -0.90518071596723 0.494721002929124 0.181594287771729 1.77548215000451 2.04504601362178 0.873607989013398 0.396879304282855 -0.330111140250387 -0.697183907620571 -0.338930204924286 -0.901852767033684 -0.111464895316379
GS1_SS_22340_11463 -1.63661199862223 -1.09707069597246 -1.24063285544945 0.0293400937700333 1.11315551751386 1.34348601513628 1.63849836483074 1.04058563470132 0.78028062026503 0.012301947370567 -0.168917670861534 -0.46445063058487 -0.705824371243975 -0.644139970853315
GS1_SS_22370_14034 -0.281079768979304 -1.41585558836267 -1.55173063819227 0.0174070340334699 0.393474107432823 0.642432263249645 2.33385748032203 0.894239412046764 1.0496191061261 -0.291818280981966 -0.80660939719122 -0.120221242245548 -0.91618605027961 0.0524715630217546
GS1_SS_22474_01087 -0.887780474836136 -1.49967093436377 -1.29518312012574 0.0103929246247348 0.299821830930865 0.439817334524591 2.21886131839542 1.40405602781621 0.973058634729907 -0.2011733139523 -0.829580096937621 0.156680360964246 -0.613294908801247 -0.176005582969159
GS1_SS_22543_20618 -0.151495106578871 -1.39776154455686 -0.841994078972082 -0.530922805899675 0.990750682760257 0.3170931487181 2.41831025122312 1.17204381324513 0.490262761880702 -0.967809530182897 -1.21448706838363 -0.26542248365953 -0.0632261561624651 0.0446581165686981
GS1_SS_22666_02454 -0.632507145438579 -1.75685107490439 -1.13555250954015 0.0638728175527682 0.804363101650036 1.3411950946838 1.67343027918371 1.37404320614565 0.551151088152644 0.296625150196776 -0.530208741171656 -0.702895955713985 -0.750760346701261 -0.595904964095368
GS1_SS_22670_12122 -0.960813570667421 -1.52774087341996 -0.714233027597637 0.75638515137648 0.550627751921889 2.01391308740481 1.78626660290185 0.165927082196949 0.568139019960578 -0.46502579432205 -0.931263305852134 -0.224464749640565 -0.742032165609055 -0.275685208653729
GS1_SS_22675_02576 -1.24204579635207 -1.30883504843851 -1.43944514140755 0.21306937577119 1.88220699569144 0.939736438471666 1.1831461571867 0.711168775775847 0.982778400927373 0.169418889018696 -0.293638416724608 -0.349444547356834 -0.872478601473762 -0.57563748108958
GS1_SS_22821_01208 -0.371591977774218 -1.14116473683473 -0.587845547431725 -1.05055569926874 1.42669538778555 1.53300999186299 1.97336991443372 0.904908143455513 0.343615358746699 -0.596906451188325 -0.50871365462409 -0.486363425357811 -0.657916536482761 -0.780540767322074
GS1_SS_22940_14698 -1.39013934451804 -1.66847342661542 -0.775884818510038 -0.449562101568285 0.91779406726412 0.460409056491839 1.10953532382009 1.48384667560622 1.61928126727812 0.389065952689868 -0.232013623607116 -0.981702741287026 -0.447429273352979 -0.0347270136913504
GS1_SS_23014_02666 -1.30492090395111 -1.44602443905967 -1.05024623082834 -0.0131926069410441 0.827692687648987 1.28083005649355 1.82688926553155 1.08236736077175 1.03992158191796 -0.10370536238873 -0.59974738337199 -0.381438418078016 -0.578753930587546 -0.579671677157357
GS1_SS_23294_03717 -1.50281035183974 -1.87139260089742 -1.00019819403381 -0.336750145729975 -0.316645659417738 0.679196562581751 2.30028830889182 0.767321227583725 0.55454874744588 0.0686903282334775 -0.241253835746848 0.392037483088628 0.128333637626448 0.378634492213803
GS1_SS_23357_13506 -1.12086484830587 -1.14145006131424 -1.00671048525944 -1.12460761430739 0.920814005524503 1.18467900863182 2.24762455306413 0.817887940482642 0.781208833667724 -0.106575261893345 -0.447915521232171 -0.188916113926834 -0.397388180211621 -0.417786254919917
GS1_SS_23474_08383 -0.248440437980009 -0.458116486212283 -0.920118343286378 0.589370566245223 1.55848030993859 1.21236968719096 1.71255536135527 0.953568260246116 -0.0424711228687737 -0.460126160795979 -1.09205716878036 -0.672258477963881 -1.64136822165725 -0.491387765431248
GS1_SS_23486_10004 -0.539687658884005 -1.08935976109934 -1.27199274989992 -0.722911692955784 0.659247673743747 0.165724872292343 2.40371779168844 1.01476140437012 1.10341819505001 -0.555941403841986 -1.05685227118338 0.175477119267131 -0.588153371122347 0.302551852574977
GS1_SS_23607_01038 -2.10195613919102 -0.166434073172407 -1.48850092370604 0.0198295566118105 1.37307531908758 1.41275757065031 1.20074096944375 0.0327870265098431 1.07869779984166 0.197994767709758 -0.117843561054785 -0.689186999371157 -0.235270632005705 -0.516690681353599
GS1_SS_23812_05352 -0.899864816514456 -1.49773462896247 -1.24116375136502 -0.549019058311432 0.0381105778650563 1.48445431576324 1.85797377942836 1.57156907885446 0.699586100898852 -0.228007123084856 -0.268581122332825 -0.136118948317398 -0.433621831038533 -0.397582572882984
GS1_SS_24147_09929 -0.667152335433849 -0.663412610625607 -1.89582192243239 0.0371058409544979 -0.94559184615654 1.5362255265854 2.1158828718628 0.43980620780557 0.591095075048058 0.395439472580526 0.565596951355504 -0.486625619690565 -0.580118739896597 -0.442428871956804
GS1_SS_24246_13397 -0.615392852684204 -0.119441163383836 -1.6127901573497 -0.246800358521393 1.76597437247607 1.42135537386856 1.00681367989142 -0.0312886224356846 0.770075411282784 0.0303931838368183 -1.01570028367539 -0.417586541961736 -1.59780672262763 0.662194681283913
GS1_SS_24342_12651 -0.985338142165774 -0.941596714666897 -0.153813605412122 0.941034324884769 1.31983508702504 1.14311971992958 0.952407096034476 0.929661553735061 0.740261172664923 0.172060029454511 -0.771005147421277 -1.50586112940241 -1.72019412414691 -0.120570120512976
GS1_SS_24442_13168 -0.951887206527483 -1.38158796064626 -0.926423458135259 0.527843042230124 1.45761998508668 1.68361075206767 1.31756936892945 0.928292315383331 0.331167415585687 -0.181608817662717 -0.474441924173289 -0.830934401664421 -1.14286531946916 -0.356353791004352
GS1_SS_24932_04550 -0.524161714113275 -1.45795850265587 -1.49430763939108 -0.418247850177908 0.889694363035778 1.23187761575004 1.70692323032406 1.62419760878874 0.393465975674687 0.0448902885690562 -0.139362232123241 -0.674571935086579 -0.573045035929599 -0.609394172664814
GS1_SS_24959_09198 -1.26511423250779 -1.81119606285609 -1.08099468817579 0.0896290056168421 1.13053211135739 1.72682836288715 1.39101942123618 0.761456115673704 0.495842750299308 -0.0212611744922008 0.0456913870830704 -0.804815371677796 -0.495128390378929 -0.162489234065038
GS1_SS_25366_12979 -0.579687993858107 -1.24336648076022 -1.57884342602743 -0.878787920963811 0.744435467220654 1.36688666687306 1.45419151046067 1.1494329360854 0.753327627215689 0.938446230748678 0.0180268334444789 -0.661334190176151 -0.672651484715285 -0.810075775547636
GS1_SS_25417_10436 -1.34879027470537 -1.09425174694273 -1.28891898121281 -1.5899860570611 -0.100046153289194 0.669727620186531 1.69267143471649 1.23936021255857 1.26159812157009 0.144057663321886 -0.271620174355006 0.342317175201522 -0.0175948291080166 0.36147598911914
GS1_SS_25473_03963 -0.746897794854989 -0.749658483703348 -1.46191620658011 -0.455185006544996 1.34662458181767 0.917797580705818 0.594796985447751 1.487419713084 1.16073819936146 0.495228140983583 0.488970579593968 -1.22357673600507 -1.29167372759794 -0.562667825707795
GS1_SS_25679_12277 -0.704331087530589 -1.22495738435399 -1.34129320892768 0.380128121471154 1.47881062621086 1.41171960857897 1.85049486389148 0.0376955674780275 0.767645839312906 -0.179679329649271 -0.906006686532027 -0.396785862706041 -0.87474227231557 -0.29869879492823
GS1_SS_25749_02833 -1.05870325154089 -1.73065516625476 -0.528995703188535 0.75816745936297 0.840215406144006 1.27829314794447 0.709315682498447 1.52089396910091 0.834979417198183 0.634091974643467 -0.610677130743363 -0.907034105076907 -1.04962753736814 -0.690264162719862
GS1_SS_25914_10368 -0.687839996499561 -0.541163856815237 -1.3433880647449 -0.781019905865537 1.42789206322201 0.659431869509665 1.80170793491374 1.52874561218283 0.786595039938526 -0.179516185052467 -0.775538734726362 -0.965187256141818 -0.734868444873683 -0.195850075047209
GS1_SS_26189_11551 -1.41402955387709 -1.34896541874832 -0.802296555396406 0.284144372983782 1.06361271182644 1.37709171487685 1.42276673773724 1.18333072046337 0.631586854571409 0.526182955662803 -0.363894412898759 -0.907830582575269 -0.888311342036638 -0.763388202589402
GS1_SS_28982_21287 -0.710894359671853 -1.87681748950805 -0.129222532729238 0.184183795313014 1.7125232962598 1.73186936589204 1.37977089858531 0.382416522144677 0.0616586876421749 -0.447529865078323 -0.322683229051615 -0.24710458368834 -0.642151325578635 -1.07601918053095
GS1_SS_31358_16707 -0.444356528906033 -1.27150871334002 -1.04051133500419 0.232697795718466 0.34476682948751 1.99473369299808 1.84140792222495 1.1211802884617 0.20021694164679 -0.271865036786264 -0.484705415951594 -0.956787394384648 -0.977970560083567 -0.28729848608119
