V3 V4 V5 V6 V7 V8 V9 V10 V11 V12 V13 V14 V15 V16
GS1_SS_00045_14409 -0.715646822221279 -0.743919574207768 -0.935097230497362 -1.46958687519433 0.444074537834048 1.97968886715737 1.86390521616508 0.948406580412091 -0.486772163283032 0.358717753265314 0.226508979690398 -0.340023117257921 -0.219392708782234 -0.910863443080372
GS1_SS_00118_18846 -0.301999630354346 -0.755060856962221 -1.43877143529774 -0.414578480602364 1.31803748297078 2.2571098435762 0.970937666876834 1.12651614626836 -0.405105382227835 -0.166081262371984 -0.856656404747018 -0.558734325432142 -0.895097963368292 0.119484601671768
GS1_SS_00132_17860 -1.04130045698462 -0.77879574855935 -1.26227899684544 -0.51540119366484 0.41211544277112 2.39498999172359 1.42802349515141 0.886700226364831 0.443260069194457 -0.0265788665633174 0.126623033890527 -0.529638737172651 -0.622479385463171 -0.915238873842542
GS1_SS_00238_12178 -0.473436325812673 -0.540761819729516 -1.36161495710026 -2.20778708363631 0.753671501346884 1.31960845234872 1.30090692626071 1.35586064138087 0.0565361519429901 0.355760569351182 -0.43545784206471 0.490986988756808 -0.595140103277736 -0.0191330997669661
GS1_SS_00415_08826 -1.05303484237922 0.576089052576099 -0.847375187441695 -0.944689238724395 2.1776340666011 1.32662859789409 1.08235850965411 0.821738084862591 0.246521425458777 -0.374397379486709 -0.509139912031986 -1.00772668085084 -0.807976786112666 -0.686629710019259
GS1_SS_00467_09437 -1.04568630869371 -0.556263247332505 -1.01996480473896 -1.72301924616878 0.872709194598019 2.22808955576912 1.00438900512192 0.604991207602335 0.240388889043762 0.307550593814497 0.361851546607857 0.0725560757390224 -0.292617831796323 -1.05497462956626
GS1_SS_00499_01819 -1.00738405178413 -0.766756325601639 0.232506402259081 -0.423803786597176 1.58458663217515 2.61170337335603 -0.626325675112502 -0.244532261978261 -0.767530048193865 0.59422171412504 0.474488142977966 -0.682420563048934 -0.123599420813235 -0.855154131763534
GS1_SS_00616_11736 -0.817582448401298 -0.649258379557902 -0.0432917317216784 -0.786454024711081 0.805707201814462 2.09234871434343 1.18616571358378 1.49744995048595 -0.29026464527986 0.208502628794743 0.0230233397842949 -1.16645137464795 -0.992823944731408 -1.06707099975548
GS1_SS_00638_11575 -0.689230313663277 -0.182479522635665 0.412145333257642 -0.919938547568617 0.547216775719046 2.57173586732446 1.1946281723444 0.828227477851392 0.0502470201800182 -0.328418782306607 -1.17300343401929 -0.767789106635082 -0.469700406030604 -1.0736405338178
GS1_SS_00750_14905 -0.916742340711959 -1.8846367022483 -1.01523481679792 -0.405120761043554 -0.0737375742125616 2.07493114040038 0.644945277227329 0.945247985293444 0.103662418737648 0.962278384616664 0.760751992625226 0.314555530356858 -0.619703792516128 -0.891196741727129
GS1_SS_00953_17560 -0.829510454549943 -1.65136709051898 -0.824308830271658 -0.735881217540812 1.23943560213793 2.30056695490808 1.07168321916324 0.825906472014274 -0.0375631581810442 0.113283945889222 -0.478270775158745 -0.467737485995218 -0.491404876461415 -0.0348323054349445
GS1_SS_01030_10978 -0.203204225555709 -0.829451356707402 -0.954437653891039 -0.501855693562924 2.26626187774624 1.6781684583664 0.619074045389268 0.932197610965115 -0.717621511858886 0.340157255884732 -0.164129562120403 -1.20112113517453 -0.585885954627333 -0.678152154853527
GS1_SS_01088_20702 -0.625026694593088 -0.248720685650446 -0.238019046362672 -0.668392814582761 1.98253613317303 2.30988039374024 0.759191877335331 0.636088052848519 -0.510316312684922 -0.363431067558612 -0.483737077852542 -0.89361685710977 -0.836961119703908 -0.819474780998394
GS1_SS_01107_21813 -0.437929185226512 -0.149158745497254 -0.49123665046244 -1.69650543762598 1.93490310881174 2.16763570093933 0.53200664565159 0.301874417681853 0.212811945275485 -0.216248140769787 -0.183873607004553 -0.141487671231596 -0.805880713562306 -1.02691166697957
GS1_SS_01161_10386 -1.1396488406728 -0.244069872613863 -0.911926838110804 -0.712335200571174 1.72122841840435 1.30788427930023 1.19306646288242 1.77672369633963 -0.11585664428064 -0.448828311892295 -0.253638023982014 -0.746589182469154 -0.400030739914725 -1.02597920241916
GS1_SS_01266_20694 -0.249775861604902 -0.6643464255221 -0.427959915743431 -1.66581884659266 1.68651253692601 1.51905854444181 1.1508223376683 1.00287754819196 -0.831800418006301 -0.0595611322781879 0.243644397802429 -0.0449292300222868 -0.149791196189578 -1.50893233907106
GS1_SS_01282_07801 -0.643279463844834 -0.82141246826424 -1.06751727700158 -0.427644774284501 0.177069898612955 2.45060956028169 1.5716638147912 0.852100231149651 0.400908081797866 0.059642747015426 -0.0128995751790556 -0.842507166156012 -0.703047774538187 -0.993685834380375
GS1_SS_01333_11145 -1.33810827001164 -1.07743272594449 -0.860454238397268 -1.15277247856505 0.198807615497322 1.87437878172916 1.45398296210642 1.50822758399323 -0.244175061961064 -0.715801913365787 0.0466363831543087 0.376624499632374 0.364570139213084 -0.434483277080606
GS1_SS_01452_08910 -0.90841263463315 -0.492091129496113 -0.396906511868628 -1.03443588227079 1.7395581922 1.78848486481226 1.32738804110279 1.06625304573318 -0.325740442614433 -0.505138242192715 0.0929532648310776 -0.6141112857382 -0.466145166747188 -1.2716561131181
GS1_SS_01461_10574 -1.10293182269185 -1.34676556650155 -1.01136976379189 -0.362473433326899 0.801957098335734 2.04998777073312 1.57227268082025 0.995033613842188 0.339071081005571 0.251589505165276 -0.256978017637805 -0.608297656677899 -0.762559821128931 -0.558535668145308
GS1_SS_01497_01586 -1.66047859332013 -0.639963880410547 -0.360687711021176 -0.330399006057512 0.695839556608982 1.04404041682118 0.877094798911221 1.30399859328097 0.872324924113794 1.14659272496587 0.368149158025723 -0.843160546780952 -0.703164721476459 -1.77018571366096
GS1_SS_01501_02824 -1.52196619000339 -1.30924575168591 -1.41869527181607 -0.835258716928727 0.585819729922431 1.99101034320631 1.12953670089157 0.479989105215938 0.369568661923342 0.801188140501116 0.169205427491532 0.373187557347 -0.117658234139913 -0.696681501925229
GS1_SS_01520_02572 0.195334935145251 -1.06719062806541 -0.970718575062604 -1.57052307851485 0.669725769693842 1.7556655315385 0.790525557801706 1.5371353593017 0.343482453060868 0.549764869003394 0.311940286166036 -0.570149833246596 -0.760996720708673 -1.21399592611316
GS1_SS_01642_11956 -0.507129990518406 -0.724282257998873 -0.283092407239779 -1.58759493115292 1.85188512986695 1.34449031951016 1.30423770407475 0.844510464628302 0.0436952733344841 -0.670259010967147 0.393257460010357 0.0309839210917251 -0.648014144542319 -1.39268753009728
GS1_SS_01931_02434 -0.696471906108862 -0.182031965442528 0.0399412854253668 0.0533913191049428 2.00021215149122 1.94488577181637 0.712538359713948 0.539118776526224 -0.0535412181631751 -0.48088980599651 -0.723181192848445 -1.37088139628334 -0.313002860776271 -1.47008731845894
GS1_SS_02500_06531 -0.698625418892963 0.0774017442035799 -1.33830073771441 -0.755859526366461 1.73262175151486 2.55987103600575 0.633630696246438 -0.318186939804419 0.174314959799461 -0.374723656892736 -0.277786393352538 -0.577423779537321 -0.696220624461303 -0.140713110747943
GS1_SS_02707_16463 -0.98515640828912 -0.968168860911305 -1.41178652672052 -0.223871606514771 2.20850249874003 0.95870437022938 0.538869270749105 0.716025121974886 0.679623234736711 0.667489272323987 0.416316250380585 -0.673556253530349 -1.14289791965454 -0.780092443514072
GS1_SS_02743_09838 -1.0766064512695 -0.61655660271383 -0.930876375018947 -1.3366346265401 0.0232270065508587 2.20089153813022 0.595288992146172 0.735018418198174 0.464846286639548 1.25650349497712 0.543854847587153 -0.447252543540392 -0.0807842635573801 -1.3309197215891
GS1_SS_02805_11695 -1.08512759658765 -1.18658361174789 -0.580679412412659 -0.996842048445363 0.361066871533366 1.94166764409396 0.699398319140956 1.77233306814891 -0.091312136625249 1.10850293566917 0.0244721888072642 -0.710854764627055 -0.525503356997174 -0.730538099950582
GS1_SS_02983_13842 -1.76864167299801 -0.681494872754395 -0.594096796656379 -0.458310029645559 0.400322776507634 1.99587058039459 1.64201495521725 1.2561844241504 -0.331689402323067 -0.217219239238592 0.187583069322707 -0.0943929674149898 -0.26027877916981 -1.07585204539179
GS1_SS_03006_13423 -0.397582861910188 -0.660659075285773 -0.0860877135575014 -2.04705458013011 0.880919116160178 1.76997146056472 0.643424240097495 1.40360151923799 0.0412540854322757 0.88229098598453 -0.147418364528497 -0.973768188137696 -0.262009843974304 -1.04688077995312
GS1_SS_03025_20848 -0.568701525164255 -0.672128011269154 -0.384551927953093 -0.85249371264721 1.01927342612926 2.89860835657193 -0.0963451953315148 0.150238683125897 -0.722579955710568 0.524844370603397 0.542376421296789 -1.20313472651504 -0.0566142890839011 -0.578791914052538
GS1_SS_03166_09562 -0.0112899145021944 -0.945725783822086 0.000986130095862515 0.199124138053715 2.13605320868704 2.16442619312014 0.136828886315463 0.314980491155562 -0.520131017325505 -0.436430713247845 -0.374010147495013 -1.56662125983321 -0.694388430052161 -0.403801781149774
GS1_SS_04420_00472 -1.35082970119381 -0.132992292932036 -1.37152111347011 -1.4611839000007 1.0789332832508 1.12228671849636 1.13805160404021 1.41984893313638 0.654266678913562 0.821571526747583 -0.0424821438034544 -0.500511187172847 -0.458143057273772 -0.917295348738164
GS1_SS_04422_12860 -0.501552546090361 -0.910493342263884 -0.640446614468143 -2.24007165240361 0.857186228292635 1.80767850326981 1.20711179921191 0.558985766566781 0.840175957484059 -0.0634512856735647 0.339240839590686 -0.265838793457235 -0.0849744854721711 -0.903550374586914
GS1_SS_04514_04718 -0.69379552171867 -0.172318416961776 -1.27402419548311 -0.425086795250052 2.26427766203332 1.83616545376128 0.896368068900278 0.344604302600735 -0.0835079056713005 -0.0106377425611668 -0.295286817210127 -1.21299543387837 -0.657360440163603 -0.516402218397438
GS1_SS_04624_02373 -1.03294653094337 -0.642542136316297 -0.868739277122184 -1.43324292881268 0.348702535244427 2.00323899754148 1.09251523237259 1.39850786599921 0.296538704813681 0.492400369010032 0.450590168639498 -0.441536630433981 -0.434678174852695 -1.22880819513972
GS1_SS_04693_20843 -0.875020676695767 -0.818305498342363 0.0947143478501846 -0.699109098502959 1.46731618929982 2.23958786787867 -0.223174226820645 -0.132051840266176 -0.593335290873861 1.44841112984868 0.408065708252741 -0.96954597395144 -0.245671247567495 -1.10188139010938
GS1_SS_04718_20859 -0.779410420639502 -0.855759938818553 -0.579629181404318 -0.318641078428928 1.42963563867438 1.58742464291108 0.164651371644466 1.15859484913875 0.61142330218888 1.05297801565773 0.23107545246024 -1.57471790167128 -1.13570817214174 -0.991916579571194
GS1_SS_04722_07806 -0.0880311638898575 -0.625459163205889 -1.14669314002597 -1.14046466983523 1.51464319433537 1.52354100889358 0.890906393804675 1.5368877307309 -0.18572916773903 -0.356567207256709 -0.778323617315979 -1.11110188179312 0.761621148273849 -0.795229464976583
GS1_SS_04815_10890 -0.721006665831738 -0.7168626091269 -0.573478247139506 -1.73837258686946 0.198973922642292 2.44298062831205 0.63202784829786 1.33030140306306 -0.592540907981761 0.437049980335233 0.462328726234745 -0.00822891259960684 -0.482516202468312 -0.670656376867956
GS1_SS_04895_12963 -0.891794181088888 -2.15620659311466 -1.15637947455102 -0.807839232201865 0.285101556945564 1.44113576222627 1.23506452404903 0.638221160143104 0.634150617166764 1.1485654858018 0.181811528920924 0.161458814039221 0.112357889387113 -0.825647857723355
GS1_SS_05422_07456 -0.480275397756186 -0.630587723847006 -0.731047720681573 -0.77485734336131 1.87486949044067 1.10971177018942 1.05532741100078 1.7086950595865 0.0703662390287755 0.0477060893668429 -0.302181728179837 -1.34438243819788 -1.16612259419068 -0.437221113398514
GS1_SS_05438_06882 -2.21144190015939 -0.282849080491886 -0.856331051055618 -0.509419537761768 0.817468001785895 2.13573175230253 0.733582053938569 0.910369729074757 0.642248288291714 0.0221194588783004 -0.376926779012253 0.252217829842696 -0.581545773294049 -0.695222992339491
GS1_SS_05467_14389 -0.127756369275091 -1.21772559627769 -0.825798735697651 -1.30890016068631 0.779038619730101 1.7485419064281 1.81455064084158 1.22047203112025 0.194861320170796 -0.352103555362909 -0.452643108966442 -1.03331369451003 -0.472775772962554 0.0335524754478523
GS1_SS_05488_11985 -1.1925760503949 -0.648392359701837 -0.646830025880169 0.029379649900067 2.54298167152391 1.74426044808732 0.401179990831647 0.631317029057002 -0.190400343889517 -0.412462398317491 -0.377880402489577 -0.880109286061462 -0.650498877214197 -0.349969045450804
GS1_SS_05555_15237 -0.829801112329571 -1.02173679872344 -0.653713326647121 -0.695974395210909 1.6186995475849 1.92949448931443 1.25331739229382 1.18288227802084 -0.111274902852332 -0.148605513417011 -0.231102641009239 -0.414233938118988 -0.839485940542106 -1.03846513836328
GS1_SS_05685_08689 -1.66024875710922 -0.932873578381002 -0.688950180076372 -0.387891571358045 1.36352237863106 1.81181402956929 0.734815313271104 0.605382086603151 -0.0395865386437758 1.29539962775319 0.243892005331875 -0.86013606050818 -0.499524982474038 -0.98561377260903
GS1_SS_05943_09702 -1.01223587014479 0.0469165879173745 -0.319332392907861 -1.11122208117864 2.09827998166458 1.97580551716508 0.56533589655227 0.559799379663937 0.408803464527559 -0.268664874717654 -0.511936071326263 -0.851173560665991 -0.456906448921005 -1.12346952762859
GS1_SS_06043_21812 -0.301083770680911 -1.47670637406759 -0.805469977354151 -0.425741958641978 0.943963854308699 2.44906763756786 1.3386508555762 0.274261712216321 0.305713931948036 0.367851244100938 -0.606784003926974 -0.836922197085867 -0.828483796670041 -0.398317157290543
GS1_SS_06177_10673 -0.554652084420677 -0.68856531212039 -1.04041575352748 -0.743706052937919 2.22732957730181 1.39102834156928 1.45404633107503 0.548162731929906 0.0203739410714564 -0.0249071101379859 -0.679375188650802 -1.24653709420253 -0.197405727662156 -0.465376599287534
GS1_SS_06258_21883 -0.953135664990554 -0.741320646308081 -0.7922634989026 -1.22661834734008 0.453602054022998 1.68427412459585 1.81565306023434 1.1676957246023 0.546550416651594 0.377634642259243 -0.11409794541627 -0.161555234412216 -0.791369764646556 -1.26504892034998
GS1_SS_06609_20813 -1.13424089325013 -0.659164119631141 -0.436729329670804 -0.606988057788593 0.824009090956245 2.63891221052152 0.568071777075955 0.768812309743865 0.0163785758039578 0.551869736819585 0.332181055377276 -0.961236056614316 -0.862925371668883 -1.03895092767453
GS1_SS_07193_09089 -1.48763646801154 -0.879630530130132 -0.654135773168423 -0.881849529903422 1.36155924089256 1.54795522184891 1.95847017990752 0.751334303237868 0.0565654742208331 -0.274731191931334 -0.674816851055484 0.223212357194897 -0.408536878260708 -0.637759554841544
GS1_SS_07570_13610 -1.23381857201304 -1.06108271239891 -0.519249906090526 -1.17983861588363 0.399614900463128 1.7548716656857 1.28164738361781 1.31583468916644 0.322783429572257 0.578108622064402 0.426604878527837 -0.168434171205442 -0.415122570716879 -1.50191902078915
GS1_SS_07807_18115 -0.41891487274368 -0.828991372451359 -0.156314655205463 -0.189927483050355 1.53062914226004 2.23019612178185 0.572663548680627 0.963412672377493 -1.23612674972261 0.0271483607754367 0.131495183216423 -1.29284839671087 -0.219611811640875 -1.11280968756666
GS1_SS_07910_06932 -0.789909856321478 -0.278632708110336 -0.540050936934816 -1.3136354916195 1.53706805127601 2.15593569502376 -0.230172526236411 0.726226953095596 -0.0584723222023733 0.790016557639365 0.506511156012165 -0.757899460955215 -0.279521885759399 -1.46746322490737
GS1_SS_07998_01464 -0.36474501513151 -0.921284970619473 -0.412720168256485 0.0137021546003049 2.26296895191925 1.92340913097596 0.508740922602067 0.818782991475804 -0.564817606724651 -0.132618540026087 -0.676125597822244 -1.18264740541192 -0.855063760725969 -0.417581086855051
GS1_SS_08117_17034 -0.4699237542264 -0.744742096952658 -0.614443316052622 -0.502008077695334 1.04581534380267 2.20869693678148 1.08434455320859 1.43110743786191 -0.202881306489339 -0.620572963003565 -0.364003454914114 -1.52723531343298 -0.0116363216199321 -0.712517667267703
GS1_SS_08584_20664 -0.556869888429914 -1.30065181506398 -0.899364200945224 -0.937626508337942 2.03376829016 1.9255139570489 0.751514378999144 0.774845054238607 -0.275035331537207 0.160781681935953 0.0179979494704425 -0.233973343115753 -0.533539213190452 -0.927361011232579
GS1_SS_08724_06083 -0.540616376948176 -0.525062772973548 -0.919633147487786 -1.60808477604894 0.676903369970966 2.25575789554277 0.434349009040325 1.19647560379708 0.449411446573649 0.352487935489653 0.619355035264844 -0.892618993216065 -0.430103927654769 -1.06862030135001
GS1_SS_08955_00973 -0.724391564230481 -0.345804590468903 -0.520772677818971 -0.338596842277345 2.12266897143488 2.31187236146328 0.578228727688818 0.10215695963642 -0.708174130799476 0.109905288942344 -0.162367398993755 -1.23253781173531 -0.547080958718157 -0.645106334123345
GS1_SS_09151_08608 -0.870358287757527 -1.17883121768012 -0.245141776892678 -0.0428461235738757 0.842113535530142 2.59213858506926 0.735712727817712 0.917890581358953 -0.651297801290758 0.269650366304229 -0.408990079525475 -1.3414500992154 -0.711651200623439 0.0930607904789768
GS1_SS_09242_19605 -0.672701353948035 -1.32576179245233 -1.33378183292519 -1.04849753610489 1.25439979967342 1.60499014034414 1.37126324656366 1.27502276088934 0.225543179012261 0.445521431982129 -0.146128410901413 -0.714176420393396 -0.604645581935482 -0.331047629804208
GS1_SS_09564_12272 -1.44508998585191 -0.688553129567557 -0.26635675493145 -0.952120808531138 1.28088313824365 2.35711782734494 0.119232997626382 0.609761733475269 -0.444508982379056 1.0929691449085 0.229052863861208 -0.849622266711968 -0.23219057432506 -0.810575203161807
GS1_SS_09780_04850 -1.45908828424632 -0.827667315732673 -0.878112757833145 -1.40547477090282 0.523880616099321 2.06234475126978 0.823385197459133 0.891620578078131 0.171249916971861 0.992024066703226 0.491468810305297 -0.117288263931327 -0.206481654311874 -1.06186088992859
GS1_SS_09794_11761 -1.17266972412367 -1.27479403236649 -0.790980122066108 -0.856594990112123 1.05364019556993 2.29317398686723 0.581315269946863 0.762458261692576 0.480595170942376 0.702587885985219 0.266134123632442 -0.558647320813679 -0.478224428072454 -1.00799427708211
GS1_SS_09821_09781 -0.326032951902239 -0.763944967330673 -0.217572584662692 -1.1440814844717 1.53788340761999 1.93508995834593 0.889878671146428 0.966693822278552 -0.328659110915303 0.566204572786281 -0.18284163171492 -1.12569837138025 -0.288610185966076 -1.51830914383333
GS1_SS_10202_15400 -1.21680639963509 -1.23042869310308 -0.138143161761998 0.205666845010593 1.10176354981377 1.91076097821859 1.01558169317958 0.879358758499734 0.515170912722994 0.420926882403669 -0.116458694608879 -0.952700709949669 -1.05000280614956 -1.34468915464066
GS1_SS_10310_02868 -0.517417452458586 -0.548494270760899 -0.644081261652848 -1.20375855809261 1.27502273113928 2.05267960619242 0.970145888078675 1.21610933151404 0.291168957397806 0.342718182069889 -0.246268530683428 -0.960298934141314 -0.829658470472348 -1.19786721813009
GS1_SS_10452_18988 -0.565580974407155 -0.860742188986484 -0.467193902880712 -1.15590340356581 1.30449681894472 1.80004934832423 0.680172975361483 1.79860247962531 0.251031719262321 -0.0885483643737987 0.0522319600309499 -0.668308652030353 -0.865082795083239 -1.21522502022146
GS1_SS_10701_18828 -0.96460355613941 -0.898377347001385 -0.0773147756450065 -0.454732956754183 2.1473161635721 1.5111647639667 0.879760762865811 1.11238328958719 -0.114344483980246 -0.120041362185668 -0.533777141854407 -0.293084037675347 -0.686168633849433 -1.50818068490671
GS1_SS_10824_20336 -0.810186031894502 -0.976202775152075 -0.609263204157132 -1.23757272479348 0.123764569918613 2.18322355422666 1.51319700579738 1.12327050112062 0.294038152746892 0.40216187784285 0.115250890777199 -0.382969612578348 -0.526680516485416 -1.21203168736924
GS1_SS_10828_09267 -0.835013635528069 0.188553710092792 -1.00325460503901 -0.169597471022405 1.66157522317705 1.61288029712468 0.517244460946304 -0.0132867583942902 1.25253784433712 0.55863514809082 -0.0232692182350264 -1.34533646055693 -1.31611950492551 -1.08554903006752
GS1_SS_10844_17484 -1.00281674365567 -0.990612235284357 -1.03550739107884 -0.971215784479943 1.30732234091502 1.79768205226258 1.49365903122709 1.09592282091186 0.295001959044185 0.31134728275577 -0.518995161792754 -0.544275929133339 -0.852657703158579 -0.384854538533012
GS1_SS_10887_09804 0.0198111754135241 -1.15732316662633 -1.08278167794834 -1.75986686677338 0.544396901984847 1.69078287994503 0.51333794836902 1.36776976234043 0.64627026984476 0.859334691649336 0.383511522254862 -0.434270726449871 -0.380849326230648 -1.21012338777324
GS1_SS_11053_02240 -1.13718066903784 -0.814304274916764 -0.32246342746193 -1.1713909248252 1.47819338590562 2.25305567948926 -0.00670276654462291 0.376281046994841 0.113033128711127 0.97188160025273 0.445727866243176 -0.567579910178344 -0.375318272653397 -1.24323246197865
GS1_SS_11242_09246 -0.616673782690966 -0.715423543505326 -1.00344367921387 -0.279866562770561 2.57270837313472 1.96257592238886 0.0722233582282574 0.144757408731186 -0.26987402745006 0.176851080995853 -0.241659810074529 -0.904693918399515 -0.715423543505326 -0.182057275868719
GS1_SS_11337_05709 0.18744175715901 -0.96110610489234 -0.0133911308059428 -0.706924496490141 1.99811800043448 2.33363454327379 0.133934024142219 0.196505474193058 -1.05333340102826 0.192768678573758 -0.389455881429152 -1.20526992078322 -0.212951918134538 -0.499969624212717
GS1_SS_11582_15236 -1.1242131711908 -1.0611297386668 -1.42800970150373 -1.45955141776573 0.540193393244959 1.51367036251 1.29287834867601 1.55351253041989 -0.166673069089717 0.68213111642395 -0.137621488322087 0.335006228509012 -0.234404754536534 -0.305788638708425
GS1_SS_11585_12683 -2.13305013514142 -1.31962819675343 -1.08784667667513 -0.590026619400039 0.306486807317912 1.83639061437562 1.26058117770311 0.407508564182227 0.316691025182994 0.864074426374198 0.156543114517573 0.206193923158245 -0.203432536854347 -0.0204854879875133
GS1_SS_11663_07025 -1.82193300448095 -1.00407129505463 -0.881013398960393 -0.600820035545821 1.22927175252233 1.27660171255857 0.60451628004389 0.802986579129211 0.838010749556033 1.2892230352349 0.536676670658605 -0.835576637325598 -0.663926648927482 -0.769945759408671
GS1_SS_11887_04600 -1.22342302433758 0.0595621327437809 -0.774143240392603 -0.772263408660616 2.06628250664026 2.24486652117906 0.75744966324408 -0.140169988779874 0.238146147282578 -0.286796863874886 -0.349301268963465 -0.60089324839332 -0.744300911647304 -0.475015016040118
GS1_SS_11901_16254 0.0298700411755075 -1.40202456313828 -1.43082640416579 -1.2181358858088 0.514405628307528 1.70303545225051 0.66506141214373 1.46043532974956 0.765867855740013 0.591949046458515 0.481172734814248 -0.720750246526041 -0.583387620087151 -0.856672780913556
GS1_SS_12016_09780 -1.95903148380043 -0.336989196610639 -0.444691201473457 -0.0128813029071809 1.52249844083486 2.16871047001177 0.725002665292499 0.41041262318157 0.114357344698195 0.220556530888509 0.0812953339030974 -0.810878018007039 -0.86197385287219 -0.816388353139555
GS1_SS_12157_12525 -1.14969343678645 -0.99564111133103 -0.321724912351765 -1.64647455144727 0.29883331505282 1.92131709020766 1.59012968043379 1.11843852105888 0.33897724351026 0.516279594197284 -0.44884735246699 -0.445502025095536 -0.0490807315783218 -0.727011323403331
GS1_SS_12317_14614 -0.863541128203512 -0.554186691778228 -0.925412015488568 -1.53528219015556 0.258001284310894 2.06206797056131 1.31475603913966 1.26128191512901 0.368312656991058 0.236788408670303 0.383599185499559 -0.328357953187772 -0.491873869583993 -1.18615361190416
GS1_SS_12384_15221 -1.03076202241987 -0.657817032724893 -0.227006372009788 -1.07664017591409 1.45701784931525 2.52553484360005 0.253086305200725 0.219343663275942 -0.360349005230093 0.869777484589198 0.200400425704133 -0.869975373767403 -0.378404278540723 -0.924206311078445
GS1_SS_12399_21260 -1.39681624271642 -0.348977804322568 0.477129404665088 -0.353729187809844 2.22690556357913 1.5363711634284 1.13408736150573 0.0951181722881273 -0.502605870411147 0.251913827368223 -0.394274326901262 -0.967924693265007 -0.939099633442201 -0.818097733966248
GS1_SS_12400_06692 -0.867873832726065 -0.469036029873953 -1.06365222682386 -0.915604928807757 -0.034602155367697 1.94097982143729 0.941053808607246 0.966941860719351 1.02518997797159 0.724564972819771 0.685732894651614 -0.534565161782717 -0.840367777356953 -1.55876122346786
GS1_SS_12435_15164 -0.860622181707033 -0.274801220136059 -1.33816658287443 0.0699261444566543 1.42761140722007 2.04941401290678 0.787569258433211 -0.143808137871392 1.22200201227299 -0.0133124976912736 0.0553345099765394 -1.03936970408844 -0.817510534379421 -1.1242664865182
GS1_SS_12564_10022 -1.65723469714535 -0.548505851457823 -1.27177311892241 -1.07628671718276 0.241868688245745 1.50847792804141 0.927529948078824 1.09027318800138 0.844537379512739 1.14603382000672 0.691519831219021 -0.873019762140051 -0.551747748667435 -0.471672887590003
GS1_SS_12622_21122 -1.12768975132444 -0.850425886546022 -0.542915054700864 -0.94242707804068 0.481953012743738 2.55286202457966 0.517745257106043 1.21745842858322 -0.0387989369219155 0.702251756213139 0.0418596419227162 -0.643234162138874 -1.17205196968899 -0.196587281786726
GS1_SS_12630_02200 -1.55242988631362 -0.300113117482794 -1.21159596847857 0.0829532212621779 0.901574322098718 2.23702358197967 0.4073651412379 0.454152342686165 0.846111348196469 0.622710207506407 0.234779239206881 -0.632178308158993 -0.830109859716292 -1.26024226402412
GS1_SS_12691_18420 -1.31380689662589 -1.4289903183 -0.882243037496264 -0.888974536165531 1.60990735872542 1.0474532476934 1.15141750491873 1.49921160283082 -0.0946576931921109 0.363084216317995 -0.322182348213311 0.38701843380872 -0.132802852317953 -0.994434681984035
GS1_SS_12732_08681 -0.765914350349686 -0.713348005306647 -0.890606610684337 -0.863467706964442 0.833080517471124 2.3966236642164 1.0885774038431 0.771956860444335 -0.382057784221449 0.74995234391469 0.235535646377231 -0.627774885469142 -0.522642195383064 -1.30991489788811
GS1_SS_12746_10371 -0.393222902052097 -0.67754045581546 -0.82999759330852 -0.284546734796352 2.31643620152448 1.80721073209756 0.551224741956164 0.827055204562412 -0.113769900537324 -0.0299340000828919 -0.311353522719436 -1.26056221786461 -0.713041337119004 -0.887958215844917
GS1_SS_12954_04284 -0.876727522556158 -0.883631901891491 -0.444453338083155 -1.40506263691205 0.657545641917119 2.52142787205106 0.556681665540085 0.741598955564647 -0.494585135865788 1.09612382491369 0.0478589275666539 -0.902243707056301 -0.00917724955131179 -0.605355395636995
GS1_SS_13045_17525 -0.644815141704628 -0.0520385722227214 -0.388923474086696 -0.939442703961971 2.384801345093 1.25793895558284 0.793108219909897 -0.0250408274740405 0.444485168155192 0.147509975919703 0.097341123286719 -1.94070688964131 -0.49644492708579 -0.637772251770189
GS1_SS_13263_11040 -1.11034580224988 0.139675704391851 -0.571296413282598 -0.223331973826312 1.51147581053449 2.21707534293684 0.492457561975452 0.0501326165235325 0.453076511930966 0.313031122504916 0.282944644981161 -0.82201705931389 -1.10855494049251 -1.62432312661402
GS1_SS_13361_09343 -1.29079742567094 -1.05826947570056 -1.13420438436277 -1.73768707952026 0.311465479593692 1.61580194895878 0.920398048578619 1.23576408072594 0.751088635006438 0.434995953015455 0.599218817682035 0.184665081875471 -0.00826045161557713 -0.824179228566323
GS1_SS_13366_19642 -0.357007709143406 -0.781766538430689 0.178997480195308 -0.527810201343583 2.26009100358168 2.11513362533284 -0.250930371882243 0.708035725773225 -1.22675197863641 -0.29632787638808 -0.6963652923306 -0.817724957841252 -0.228119249568667 -0.0794536593181181
GS1_SS_13521_18514 -1.17127907989697 -0.640091135846937 -0.196432828988667 -1.15665986689835 2.06815287979833 2.12152460979331 0.467465081948888 0.415949759953734 -0.619693852948856 0.48626121294712 -0.229152019985589 -0.570266989953505 -0.173227728990849 -0.802550040931657
GS1_SS_13578_20742 -0.904976954448678 -0.914984090346311 -0.867092797121928 -0.705549031917294 1.54605654504995 1.84984459908521 1.11646449687303 1.40524184706184 0.0111048574374235 -0.161661195880984 0.0166802617232471 -0.624777149314977 -0.678386805909435 -1.0879645822911
GS1_SS_13647_16802 -0.716998287130186 -1.03709725121859 -1.0825238368813 -0.965259859938022 1.24057062526522 2.39419461465312 1.21204695519794 0.693338732863266 0.00317156045748127 0.23453021766989 -0.294034517321363 -0.533179080029916 -0.563815614546628 -0.584944259040912
GS1_SS_13692_17423 0.174201342223865 -0.916681200562747 -0.749235703873617 -1.25654582255554 1.65385585504613 2.26644111273557 0.654902547818057 0.689386372878789 -0.51464622088835 0.0937943462889858 0.10788629403015 -0.614947731281344 -0.414759179546566 -1.17365201231339
GS1_SS_13781_03122 -1.18196046110333 -0.797951287723836 -1.15591332725007 -0.876836893107997 1.85215853088933 2.24881916928327 0.619012793893539 0.641338908624905 -0.151982368162974 -0.0864180112351953 0.0288591611610922 -0.172075871421204 -0.324637655418873 -0.642412688428651
GS1_SS_13788_12320 -0.87718990685396 -0.742998012852946 -0.756611683258846 -1.55592861709098 0.204513447397695 1.89027480565971 1.47408545325077 1.2115360954227 0.266552888247439 0.693244214969506 0.148464021526547 -0.329725875530981 -0.352285672203616 -1.27393115868305
GS1_SS_13917_13749 -1.20234856356938 -1.71401185031906 -0.929672038326231 -0.60435525724464 -0.040367556191539 2.42877628416657 1.09066098075329 0.339589810450358 0.325061099838947 0.648482831710354 0.228097748584531 0.299793777036493 -0.174810769602928 -0.694896497286766
GS1_SS_14224_15247 -0.692447414529452 -1.27237971016867 -0.443142070192293 -1.89940571252785 0.356237188719359 1.81711310130069 1.38987122590302 1.19567037344954 0.390707840029852 0.587093452073437 -0.06906267815377 -0.224423360116557 -0.333661339621641 -0.80217089616567
GS1_SS_14260_13809 -0.265192505582646 -0.63863254939306 -0.883053776623486 -1.74681924979797 1.58852612344017 1.87568399106334 1.25148637270875 0.888831600921739 0.0753524585563819 0.030054316058079 -0.393267610860585 -0.618410164349174 -0.393806874461756 -0.770752131679777
GS1_SS_14292_18605 -1.52715682485849 -0.5442496434562 -0.963433334502277 -1.56918483224323 0.93330891181781 1.46139996113044 1.34445246232072 1.39196238371217 -0.185915197884554 0.656472254479185 -0.236166076279354 -0.837349312348052 0.0817849361095628 -0.0059256879977245
GS1_SS_14361_02956 -1.02192673715811 -0.0377214687289165 -0.539748861952882 -1.03226502779287 1.51302212648515 2.3566266422816 0.00880083912750534 0.401676559829671 -0.320990632121352 0.472990088628248 0.48539603738996 -0.430576512849812 -0.177908689736268 -1.67737436340192
GS1_SS_14393_20211 -1.35129965416299 -0.655399738241594 -1.16075562956546 -1.88492038801027 1.21202916778836 1.50686071479988 0.850190451001504 0.472026351033016 0.340448635837794 1.22908553827663 0.2956147476972 -0.216807354257523 -0.00628300994516866 -0.630789832251377
GS1_SS_14415_05471 -1.27286252752528 -1.57768371756054 -0.632738028451232 -0.744505798130828 0.43881006158606 1.92013943809409 0.99043480848654 1.45782729987394 -0.852463302934984 0.71482564916299 0.451917372757576 0.0200873535409547 -0.669697597743008 -0.244091011156273
GS1_SS_14542_04860 -0.888077076696701 -0.924066884735485 -0.593160594156668 -1.58088088144329 0.00566982293309408 2.0560891642538 0.989391242659848 1.26031451984069 -0.0673095100344395 0.852430028734477 0.643489198731538 -0.296644564592689 -0.272251472477513 -1.18499299301667
GS1_SS_14734_11981 -0.656276482557052 -0.907550451762172 -0.546820018698761 -1.06364488717747 0.579153866034788 2.3552039665528 1.31965063891957 0.855174514025261 0.00236589126848979 0.0442448861360098 0.346915803587632 -0.0680669637359757 -0.75697642930668 -1.50337433328643
GS1_SS_14892_13447 -1.68996096217925 -0.0318499120272096 -0.582821757549231 -0.36609461939149 1.72423368003175 1.94689854800204 0.481714235675805 0.693790152147056 0.0361865754081546 0.318970957730414 0.170280307008036 -1.15692600879928 -0.257731050312619 -1.28669014574418
GS1_SS_14897_18021 -1.4541752671958 -0.330924267105589 -0.620208463218209 -1.13414285934887 1.58738763640044 1.3690125816343 1.67712221350262 1.26986528665427 -0.067995681050952 -0.306451200623177 -0.200401245866056 -0.711198069370768 -0.365437565991043 -0.712453098421149
GS1_SS_14899_12777 -0.982557675399591 -0.250564475028886 -0.471126641331584 -0.481973960985816 1.89399079587058 2.18325265331674 0.887600583505806 0.640321870647316 -0.436174166890173 0.180516043081854 -0.391981383113676 -1.06190380990739 -0.87408447885728 -0.835315354907899
GS1_SS_14989_07190 -1.97003976181436 -0.421116997012362 0.029713538176276 -0.375162918475479 1.47201082663453 2.12978489196639 1.09656900852274 0.413264899559281 -0.0204454887234592 -0.427724773011129 -0.176929638512453 -0.602830836978469 -0.0796151192578774 -1.06747763107362
GS1_SS_15062_05584 -1.62584431173609 0.0638725685381875 0.302508022682187 -0.693535612005809 1.46307672202847 1.74469620207418 1.34301789106161 0.916734930739784 -0.274070807516668 -0.450453534492668 -0.375898482670039 -0.660927040632095 -0.348181197002382 -1.40499535106866
GS1_SS_15277_14286 0.0687058315408754 -1.16446017252253 -0.586936039488151 -1.84837033006324 0.261568495967355 1.25962138587176 0.990616723905752 1.69580408634773 0.619785438483678 0.530117217828341 0.639542843034854 -0.495748018482724 -0.755633878348193 -1.21461358407551
GS1_SS_15279_11965 -0.886655224753845 -0.980606843346374 0.56393809058317 -1.0361907852362 1.16158843922151 2.32245660612397 0.290937314044668 0.50982982856653 -0.498551418107217 0.679287067336825 0.521143374260918 -1.40117560720299 -0.46215131456875 -0.783849526922229
GS1_SS_15402_12960 -0.664817380670383 -1.15630031092854 -0.936951127257241 -1.12580256346622 0.820188322687215 1.93218311477489 0.112054086417877 1.5040416600154 0.377267190311362 0.837783176992399 0.720601447319869 -1.0284443696442 -0.746926700761245 -0.644876545791173
GS1_SS_15494_08444 -0.863989699214364 -1.44918865817857 -0.517133362609752 -0.223887968161905 1.7874912351654 1.96253419088206 0.715078617540375 1.22554521496798 -0.228409372922114 0.0745247460118954 -0.365343345659875 -0.884658978118177 -0.761935134626787 -0.470627485076173
GS1_SS_15511_14746 -1.45614113562888 -0.61674437987582 -0.215687618081312 -0.310966174820564 1.97388690698419 2.03984898472675 0.735265669373914 0.443933159344278 0.273897581163459 -0.120592289335789 -0.523510647546587 -0.626118324035012 -0.283665203754893 -1.31340652851373
GS1_SS_15521_02106 -1.22580115524662 -1.10895021879141 -0.7146933190193 -1.12873207023855 0.881196045402472 2.33263188995441 0.22793490458987 0.900747875321159 0.133626077923262 0.871995184264266 0.545364613857965 -0.092025041491232 -0.802331521360709 -0.820963265165575
GS1_SS_15544_17574 -0.717780439379275 -0.705574390525713 -1.00113514490839 -1.21997216364011 0.468821881313421 2.27793269353777 0.83413148628788 0.973629187471445 0.474959780165498 0.734739374194591 0.46603192728975 -0.787529289971057 -0.564332968077354 -1.23392193375846
GS1_SS_15582_09882 -1.55844076475421 -0.16209314197414 0.674041727351531 -0.0726695099673339 1.50204717558568 2.17391991873842 0.183407254415793 0.602789742490493 -1.57278680197456 -0.131010061330063 0.112872571415772 -0.374892694075898 -0.449970288862361 -0.927215127059112
GS1_SS_15759_04861 -0.809920684362876 -0.046508573000417 -0.898709778272763 0.00775142883340284 1.60711576096182 2.00463556049302 0.87300985379838 1.0494273998677 -0.337829652364883 0.327508231084042 -0.659037256803591 -1.37283193333406 -0.812822288739017 -0.931788068160761
GS1_SS_15918_20293 -0.751291285076728 -0.599525460629708 0.0918163056278881 -1.49397510683874 1.7007762242734 2.09229976074576 -0.0146619509921224 0.247699181695546 -0.667335722616675 0.972219540425336 0.308748599109407 -0.680050146739231 0.0398284381045471 -1.24654837708868
GS1_SS_16157_11191 -0.598790467438683 -0.755864976416415 -1.19567360155407 -0.872798221988727 1.708459542212 2.05925927892894 0.444358799405656 0.838790344171961 0.345925440446277 0.615220959726989 -0.0169166752922843 -1.11521654751103 -0.641549639327066 -0.815204235363559
GS1_SS_16206_10830 -0.424457845630188 0.355187527683913 -0.875831482812036 -1.30526021455647 1.88877567958747 1.92184334531508 1.10116400498445 0.569977047341875 -0.2003492565399 -0.180959579817802 -0.553872664682326 -0.547710054251272 -0.545455440678935 -1.20305106594387
GS1_SS_16240_09617 -0.287824774156028 -1.18256874346997 -0.547620422884236 -1.53962619601309 1.12457171911636 1.91946885328476 0.518705001000201 1.11164656246321 0.424997615264902 0.812752314859242 -0.0172366196224437 -0.327892759780776 -0.542773489139306 -1.46659906092282
GS1_SS_16355_09858 -1.1124229948427 -0.165241795755907 -0.843598735448704 -0.595397111025189 1.61779487381596 1.81307115185505 0.29283620226102 0.776464367498016 0.626813388066191 0.843989809436766 -0.27474251241334 -0.234592249638948 -1.18177344872574 -1.56320094508247
GS1_SS_16470_00070 -0.395693320520102 -0.527629170751256 -1.56845643368592 -0.795498927281175 1.96315975937023 1.94183679367631 0.76640830979875 0.550513282147771 0.0302329192160278 -1.13666637838396 -0.45086649425313 -0.640907426000227 0.219207702678428 0.0443593839882524
GS1_SS_16503_06501 -0.491142202492543 -0.631854639667118 -0.572861197398554 0.617178931122475 2.4892762468569 1.68138575667657 0.108701956061854 -0.094229673180206 -0.0904517680102979 0.40706928205759 -0.987268333728465 -0.451677623871504 -1.36970858015915 -0.614418154267542
GS1_SS_16566_00729 -0.133352610442944 -0.544515432824508 -0.960005086347168 -1.20481263775131 1.45277259470111 2.41264592416015 0.61473372105716 0.547462883210849 -0.0848465560717045 0.384728486714662 0.178862415580387 -1.0966418592239 -0.576283482518348 -0.990748360244433
GS1_SS_16572_16695 -0.0865138571848152 -0.927120617302453 -1.60588982769364 -1.03086263635787 0.445534497685129 1.65160957064658 0.407437464230291 1.35223974422951 0.794404087480072 0.877990514261868 0.551292075967912 -0.338755166373853 -0.515116598768068 -1.57624925082066
GS1_SS_16593_07562 -0.5888777690295 -0.568185671460528 -1.13164740526177 -0.602088877477382 1.89894903868614 1.26943176264549 0.507007552219518 1.72147450953688 0.0833766469901408 0.500640752967527 -0.282475555027415 -1.14836025329824 -0.50053842940812 -1.15870630208273
GS1_SS_16612_06973 -0.302777867714495 -0.177123690055435 -0.678140494413939 -1.34148625110574 1.56542038582569 2.00724065790798 -0.0704222483018558 0.779004915461935 0.0233568735161692 0.819617920973677 0.486098996922696 -1.18112641419119 -0.540179345387684 -1.3894834394378
GS1_SS_16641_03316 -0.525569975896648 -0.872800973828907 -0.361759513602491 -0.897866481110642 1.65365471600942 2.23605914990854 0.712223751339579 1.10295077661367 -1.10281386417894 0.0590461204096818 -0.0673872472025951 -0.723145150940906 -0.400979660290381 -0.81161164722938
GS1_SS_16650_02437 -0.887925372697471 -0.894227440720996 -0.387940302604367 -1.35847978512071 0.282158590337104 1.93750179118314 1.11613225878365 0.712799905278016 0.124606889748965 1.38502049445407 0.374693955815871 -0.788772835794002 -0.164658032530857 -1.45091011613242
GS1_SS_16787_12798 -0.644426083079628 -1.16061319767385 -0.995232859988324 -1.25082065459323 0.955921023008617 1.54561050990752 0.757130516093689 2.11191287834585 0.360718858186862 0.150735944580085 -0.0104180066979246 -0.744990692460121 -0.364281814091111 -0.711246421538427
GS1_SS_16821_05827 -0.283906336819783 -0.506742722985828 -1.04436656916339 -1.33761593980569 0.928853772277207 1.83096836162599 0.457583809117865 1.36292911187203 0.650515386582816 0.613237924213032 0.43182094068008 -0.815731466628709 -0.802477257786119 -1.48506901317951
GS1_SS_16829_03250 -0.905862269202641 -0.665284534385038 -0.983308526301458 -0.797931847075566 1.63915356248083 2.08652928167932 1.32524905232499 0.718861337168293 0.065346750670613 0.0927001095608336 -0.3134807920319 -0.73861130972328 -0.724605071737324 -0.798755743427681
GS1_SS_16871_01922 -1.51136342900315 -0.434816240498064 -0.524213045169706 -2.23643848969497 0.34645941726746 1.71187185083531 1.08230868568844 0.992911881016794 -0.0437416194100659 0.50661655918734 0.0319690294975137 0.618144168924275 0.087296042160745 -0.62700481080192
GS1_SS_17037_20889 -0.723962348441054 -1.04939754317272 -0.942828975883832 -1.27743135919949 -0.100593524729684 2.08119735826011 0.675179809190531 1.51397756462568 0.415060833119795 0.690076490639516 0.530796588992678 -0.0146511317547709 -0.568120142513211 -1.22930361913354
GS1_SS_17113_09717 -0.330655406071769 -0.513124243289926 -1.09846982010857 -0.987452888949603 1.55726474138343 2.58252281189139 0.585979507626872 0.609465595585645 -0.343075933357658 0.0148610802447921 -0.431826246509559 -0.765419026631666 -0.0164612312925327 -0.863608940520843
GS1_SS_17269_08166 -0.683351959551517 -0.564406173205469 -1.42361574417764 0.108478499595504 1.30176357718058 1.72275713088633 0.180792703318165 0.926092296002972 1.13658907285584 0.0277041383342586 0.601383392379213 -0.692416414057143 -1.32491390622749 -1.3168566133336
GS1_SS_17278_03232 -0.798779292536453 -0.798779292536453 -0.978088998416797 -0.810347660657766 1.86194537536542 1.65371474918179 1.08802154804961 1.16321594083814 -0.0838541426393422 0.430938238759063 -0.279590931251949 -0.55468672517676 -0.961893283046959 -0.931815525931547
GS1_SS_17303_17241 -1.68282460537732 -1.01286645093101 -0.25631132535192 -1.14949722760718 -0.00999105190756447 1.62875353514802 1.39920283389128 1.08772864883274 0.453234015897948 1.08552936067699 0.359764269278438 -0.264888549159358 -0.683523049606975 -0.954310403784085
GS1_SS_17320_12506 -0.158015260722301 -0.781265868644133 -0.853371169745244 -0.898436982933438 0.170677521424783 2.306988835963 1.71633902907093 1.15637232903039 -0.439532766085147 0.0613689532661845 0.0716861479450136 -1.02385418218909 -0.489201045301071 -0.839755541079874
GS1_SS_17424_11055 -2.31636422445243 -0.630838537164594 -0.885816917299606 0.0171326835157163 1.09471282607467 1.63135337031231 0.678149309691307 0.672219579920725 0.783402013119131 0.237866874225619 -0.0120712356043984 0.408346605129841 -0.372747048900028 -1.30534529856826
GS1_SS_17616_11964 -0.348428566978501 -1.38949469803495 -0.862451093867004 -1.13301893343985 1.40637297755116 0.915968768325372 1.45710444747107 1.12453147799611 0.355667867209929 0.316491898771777 0.205728189446642 0.231657607405706 -0.510149219423189 -1.76998072243427
GS1_SS_17840_11230 -1.45134087640104 -1.13623210692162 -0.676763162261967 -0.968588032518774 0.536483213231225 2.32841209740387 1.57711828248741 0.342761171699047 -0.15054703983081 0.659732653116281 -0.197114838276045 -0.381368094124359 0.0172522605668538 -0.499805528170074
GS1_SS_18010_10601 -1.33671529611405 -0.521869689033053 0.0996708262752496 -0.467000054500509 1.62309154137135 1.79211524314976 1.30018058872005 0.499840747090184 -0.373658607249744 0.660034852507037 -0.43231235450867 -1.44267045245276 -0.474568279953273 -0.926139065301568
GS1_SS_18323_02083 -0.634326493844806 -1.05662465440197 -1.37559454163131 -1.13749025961504 1.21165557182475 1.97583554108829 0.334713008625193 0.93374744190915 0.499139739225109 0.655210357286341 0.637779326829301 -0.590748917702205 -0.252910389256476 -1.20038573033632
GS1_SS_18367_09675 -0.859968928444232 -0.917035787902868 -1.04813532990244 -0.549648600793487 1.69878566187677 2.03655977596978 1.15896401834913 0.941493013385141 -0.609337451092115 0.344604510398867 -0.560753503174627 -0.64928425271316 -0.640338636906131 -0.345904489050628
GS1_SS_18444_17341 -0.857874240727826 -0.725808338667239 -1.03334641829084 0.136037114500171 1.84255021818935 1.68739587171257 0.220263759730419 0.838849362528888 0.458536506105464 0.817423286110667 -0.135667699389512 -1.48237048529684 -0.920674809539853 -0.845314126965421
GS1_SS_18665_13457 -2.29130445613689 -0.379868425882845 -0.416250077996026 -0.111203917970124 1.55731461971284 1.99613331597028 0.937147380614307 0.442916629599863 -0.287515001287847 0.0511142222271449 -0.658327993979885 -0.0468363796160347 -0.172772867700123 -0.620547047554658
GS1_SS_18672_00949 -1.31341124063226 0.129966069135072 -1.03091537572367 -0.0933822240582826 1.26789472496999 0.857317883310578 1.18093896655281 0.874607513042561 0.43011792560045 1.0661750214337 0.18734804169463 -1.06357896010372 -0.508739425431695 -1.98433891979016
GS1_SS_18678_05860 -0.918719343735906 -0.533307987262551 -0.773177470610948 0.262641294346297 2.48778430931145 1.99349115530216 -0.33357236194663 0.499627400962973 -0.0825400915368568 -0.332432741619331 -0.538333300994979 -0.748462812910484 -0.830845005245365 -0.152153044059832
GS1_SS_18751_08335 -0.750403631940178 -0.374428820934861 -1.05586134747375 -0.512844802888072 2.09297133151229 1.76656794405642 0.970632411008951 0.81528534425188 0.342262253339898 -0.298675307482537 -0.438138573031863 -1.24018326039 -0.599943888631644 -0.717239651396534
GS1_SS_18877_08708 0.266332735184155 -0.933246681794628 -0.465862849678833 -1.30963958221904 1.62528699024919 2.14168397886885 0.542541805663825 0.839434897213548 -0.123708804993964 0.138945430816217 0.0695296684949552 -0.870631788079165 -0.602114734505364 -1.31855106521974
GS1_SS_19042_12731 -0.486706353041778 -0.230007582743839 -1.65765924805188 -0.367766746862674 2.17663748658904 1.9620945260761 -0.166021085748751 0.652479128166055 0.063431481346362 -0.217210283344821 0.261935661800745 -0.947032740247612 -0.857075253295695 -0.187098990641251
GS1_SS_19100_20444 -1.26300926203635 -1.29429892680976 -1.30518228847008 -0.57463663702121 0.768098107820565 2.36795227188736 1.27145358461029 0.509074100304989 0.392622130539583 0.251750618048837 -0.05019464701462 -0.452198818342629 -0.259019148871978 -0.362411084645002
GS1_SS_19109_01089 -1.213502918361 0.0413708629345058 -0.357136351395823 0.240709258868677 2.06188722835828 2.11445626514228 0.480576686387932 0.501773878639546 -0.753947790346024 -0.137703017207123 -0.410553275869889 -0.513995574057762 -1.08038455102087 -0.973550702072737
GS1_SS_19134_15014 -0.490367198827008 -0.835609044637438 -0.556400188683508 -0.0180213898823892 2.69753760626831 1.59253468352514 0.282753153510224 0.2569888366587 -0.956033370069379 0.50318119768438 -0.629876203408226 -0.380821140510155 -0.66518285983439 -0.80068408179426
GS1_SS_19179_08944 -1.64008412665334 -0.420196275510324 -1.08531555371633 -0.226027274982369 1.60410600639136 1.89958057241217 0.780998286761992 0.509644093477583 -0.235193016622198 0.626627901249084 0.47497105766902 -0.717781374145559 -0.321996208007289 -1.24933408832379
GS1_SS_19308_19839 -1.5383317499234 -0.519695542457257 -1.41973245021841 -0.19321802576937 0.958512951365698 0.893612779027138 1.06096956861084 1.05273350613132 1.34099569291427 0.585254599794179 0.509153382483481 -0.577347979813847 -0.683757907049152 -1.46914882509549
GS1_SS_19363_13532 -0.240345541137064 -1.10720781978316 -0.792970243773951 -0.901328028604713 1.99248154022409 2.07457077115649 0.342816355406674 0.11910678326971 -0.75389576985013 1.06487323068803 -0.488583375476628 -0.791985173002762 -0.548081650056428 0.0305489209398414
GS1_SS_19379_20597 -0.371838855736737 -0.680547591665766 -1.14018059849343 -1.07157865717587 1.37819666727427 1.62447763660431 1.004773433369 1.14632210562091 0.194813179546324 0.942345666770024 0.0143900738811362 -0.829413804324875 -0.986969596217542 -1.22478965945176
GS1_SS_19391_07832 -0.545634876533542 -0.670891887309572 -1.088415256563 -1.14826027282266 1.99330484983138 1.77460213260339 0.957250432126791 1.20001044824986 -0.44622455052082 -0.415407349456876 -0.076418137753494 -0.542453746101135 -0.264502474569564 -0.726959311180748
GS1_SS_19618_15748 -0.632546437398547 -0.37007425335101 -1.01175697035483 -2.00920169666805 0.0540162495961148 1.93418443061675 1.67448572786078 1.25846353412549 0.1629384239559 -0.112392627898001 -0.275750675971391 -0.248041076521992 -0.256865789722437 -0.167458838268781
GS1_SS_20018_14411 -1.15151132183966 -0.800396399418867 -0.437955189178047 -0.888741444415067 1.18170396908561 2.39588202339236 1.50563580073835 0.371874389953784 0.00739444790535959 -0.0854811122188504 -0.050822671489572 -0.431612467998833 -0.745124114857142 -0.870845909659426
GS1_SS_20281_12127 -1.79631765345531 -0.550656460350858 0.188361368562677 -0.100989527414051 0.892802323999457 2.38753989647847 -0.83330424676828 0.239193282720751 -0.653996066056833 0.969832224685154 0.603395568776402 -0.204329133120025 0.0414515507212111 -1.18298312877877
GS1_SS_20643_16126 -1.91485175269096 -0.31361878033628 -0.51479933327315 -0.399839017309224 2.04717342249433 1.57131982891508 0.519843510402179 0.515737784832039 -0.0631695205577284 0.951765840380928 -0.194552738802215 -0.575974644268239 -0.876103183445487 -0.752931416341281
GS1_SS_20819_14144 -1.46554222896566 -0.025320229455671 -0.565403479271918 -1.13753368569491 0.509215946833051 1.5853482111728 0.595195586509681 1.61308357881042 0.745722990870231 0.475933505667905 0.585362137983615 -0.759551052735274 -0.587591773382016 -1.56891950834225
GS1_SS_20830_21606 -1.37373520437988 -0.25434560976333 -0.821569933492792 -0.256855451903725 1.12774079554799 2.5729915613926 0.924861889199322 0.247204511292441 0.291126748749369 0.184667611294245 -0.0832580371930124 -0.934721983322305 -0.511813582665604 -1.11229331475531
GS1_SS_20834_11911 -0.696953132004279 -0.935220079821363 -0.599683104618279 -1.10869983508594 1.19044235351307 2.41747251549244 0.254240649562124 0.817871377057519 0.134750221424643 0.59879071904593 0.444943446373026 -1.08781801269298 -0.344103876697631 -1.08603324154828
GS1_SS_21119_16435 -1.06363044435535 -1.30310979818255 -1.56459536290197 -0.716709002054337 0.274606074490882 2.41464535961044 0.401077062971514 1.03990442034298 0.25402379489168 0.759001610718645 0.281466834357283 -0.189854423634509 -0.0358109473889082 -0.551015178865791
GS1_SS_21167_18148 -0.473290901179273 -1.62659083894931 -1.59860444091087 -0.82735137868881 1.23322853269941 2.18671860540433 0.511439801894127 0.449479218329958 0.598653228339491 0.544698056307247 0.101406528307714 -0.521453539664026 -0.190563196344452 -0.387769675545536
GS1_SS_21290_17539 -1.07926882344635 -1.34285824235984 -0.464832798668697 -1.26764436506642 -0.160796037887448 1.97700504240402 1.28394665646769 0.348386005130954 0.856750012021694 0.827209818522768 0.400013174076769 0.265037213012447 -0.318267992462489 -1.32467966174511
GS1_SS_21590_10025 -1.30998739005384 -0.256142785764717 -0.456735693909168 -0.691062781185625 1.3037145055045 2.40774218618834 -0.544695475034358 0.404461655998001 0.0891446593178431 0.846490920574828 0.654122461061734 -0.907128804551781 -0.314968503094084 -1.22495495505168
GS1_SS_21601_16766 0.532665138764729 -0.692258773560846 -0.701128606380003 -1.61472138675317 0.523795305945572 1.73984938545199 0.417179915459305 1.32828914264311 0.051565406653656 0.884886200013451 0.767715708472388 -1.18009957861448 -1.11091488262505 -0.94682297547065
GS1_SS_21778_17190 -0.849102358905199 -0.243236328652943 -0.647199717821657 0.0664952875433433 1.56202941597656 2.550198176174 0.504293575061218 0.581766005860698 -0.459210492881696 -0.488618395185172 0.140647471308559 -0.749494947877297 -0.602455436359917 -1.3661122542405
GS1_SS_22055_05668 -0.487624640788295 -1.27095993615856 -0.784141391013196 -1.73565036561549 0.465654583069073 1.86238124532249 1.64331290000707 0.490880634953878 -0.255279426059828 0.766818237588543 0.0646931267948038 0.330673077369678 -0.0300152083516571 -1.06074283711851
GS1_SS_22413_08547 -0.346184318915525 -0.823322256596847 -1.46689269625594 -0.981032375326493 1.76038910555102 1.05788364394513 1.03902443692215 1.30776813699957 0.897580384249819 -0.0269922400516361 -0.128360477800138 -0.195310662731707 -0.934120097856838 -1.16043058213256
GS1_SS_22614_14617 -0.105571914579367 -0.668326168855216 -1.61917133946362 -1.22800491314527 1.79272255102812 1.97533095643472 1.19043517880986 0.204349789614221 -0.39857831385108 0.322020083133245 -0.38896734514547 -0.492765807166063 -0.217892102185602 -0.365580654628484
GS1_SS_23131_14415 -1.69974485653943 -0.807548313881513 -0.358428395580066 0.199028621491175 2.37874156925678 1.82894921767674 0.662446088881969 -0.163863810034313 -0.462343571951094 -0.247438143371011 -0.561836825923354 -0.328211925855158 -0.104904844717418 -0.334844809453308
GS1_SS_23202_07955 -0.707470751523474 -0.317392311831096 -0.856585038789602 -0.670617410564165 2.79926638437386 1.68232666606864 0.51719411727818 -0.154103662657542 -0.126321913318985 -0.130545873167399 -0.858569449456642 -0.520936148821741 -0.304833827181116 -0.351410780408919
GS1_SS_23548_17754 -1.67717202179685 -0.923904095824017 0.0448736821140555 -1.25591125455914 0.370374883054004 2.18980664271147 0.63447610730197 0.949608438005855 0.101800812821854 0.951641549816848 0.413070231084853 -0.742753833464558 -0.126924265914837 -0.928986875351499
GS1_SS_23552_10518 -0.679125498405914 -1.12935075779319 -0.932823858854298 -0.750589825292783 1.15643573768331 2.12227611555934 1.44265036686522 0.929179178183068 0.232401991036097 0.278996732166336 -0.439720003334904 -0.857786315623086 -0.543343277320864 -0.829200584868339
GS1_SS_23846_13731 -0.914647431572082 -0.977879193174024 -0.578254459849754 -0.163875648818365 1.39331186689878 1.76637926035023 0.344086169383898 0.908535027950561 0.96755133877904 0.270315780848299 0.533570681651049 -1.47951783521609 -0.705982618285676 -1.36359293894587
GS1_SS_24594_02837 -0.209404839233931 -1.95078382945676 -0.119643035614197 -0.935058156917671 1.52866713717133 2.23731295522186 0.241293901046205 0.494044242817559 0.137359181065461 0.267277581041391 -0.545302956989881 -0.657505211514548 -0.826399131483257 0.338142162846443
GS1_SS_24647_08488 -1.07798568282058 -0.741057901287112 -0.618872198268694 -1.25011796651858 1.86801602505997 1.91034363580539 1.48424568763492 -0.238205885631638 -0.714532598553321 0.114131968053873 -0.524904902413883 -0.355876643503879 0.00870517704992155 0.136111285393606
GS1_SS_24773_00668 -0.140780073036703 -0.72972112031904 -0.430504134336783 0.107554836649079 0.541571353118268 2.58330959376116 0.999889756773833 0.419302483211812 0.207800121292881 -0.043572524291198 -0.143248233454069 -0.83945932964502 -0.513662154552664 -2.01848057517156
GS1_SS_25231_12369 -1.09731561078423 -0.783531392535169 0.0615014230659502 -0.179794668815451 1.98889119401985 1.65028227495995 1.00672673113963 0.780126862138253 -1.1668247730546 0.389187473769087 -0.433602409905516 -1.31477998988722 -0.518502886678602 -0.382364227431935
GS1_SS_25521_05146 -0.078525192253637 -0.533007648248982 -0.812989677014023 -2.0657464754883 0.407211071603852 1.49588537880187 0.679379648403357 2.05715167832621 0.447580573425788 -0.0199243025121169 0.408513313598108 -0.702299107502263 -0.655418395709047 -0.627810865430819
GS1_SS_25565_17459 -0.503396400549701 -0.845423887159068 -0.746700869608878 -1.04669145842268 0.305495420667984 1.9360175169808 0.776818214133406 1.23476563102751 0.713762867440059 0.863439700500024 0.564086034380094 -0.746063946915006 -0.989368415974183 -1.51674040650036
GS1_SS_25697_04120 -0.727178384386011 -0.331949869737604 -0.174890777162771 0.083187543969585 2.17657141166889 1.77913079712506 0.583019626372727 1.04338637190831 -0.75446094976286 -0.266324239506805 -0.374348451066491 -1.3067485569861 -0.931428941396475 -0.797965581039457
GS1_SS_25809_11411 -0.897970105928742 0.188191584115816 -1.18484619152635 -0.69105309950834 2.5964247665102 1.55878786115715 0.614538277285878 0.242820115309403 -0.141746433053942 0.0584869709466855 -0.482915343787523 -0.591867218849593 -0.992852845303525 -0.275998337367121
GS1_SS_25952_13598 -0.833441830304363 -0.948602258130571 -0.812844030205366 -0.885872594192718 0.582188794681214 2.22345895711489 1.55215792661578 1.13926566099498 0.244384873057672 0.219012128390271 -0.166634865281395 -0.755731948112694 -0.619037456546627 -0.938303358081072
GS1_SS_26173_02086 0.10132054920616 -0.554903248697132 -0.926312166403693 -1.58522188358459 0.783544045716622 1.86457283656517 0.34649126086551 1.35854564466528 0.56029043536249 0.789130757814031 0.311037126401187 -1.06436841727235 -0.747215068973309 -1.23691187166539
GS1_SS_31847_15955 -1.02904009077873 -0.334779990806104 -0.0530208565775379 -0.960522981214459 1.77946224717698 2.13113679932827 0.0782103828634097 0.626557005631312 -0.462725205604684 0.139945696889173 0.533569499794093 -1.15139207214349 0.0965981377770854 -1.39399857233533
GS1_SS_32312_17577 -0.5290811616836 -0.65816029448964 -0.128761418724327 -1.32762747247556 1.66003115820262 1.8519055448062 1.14284247067572 1.20825419338148 0.00642280820091831 -0.783750802084706 -0.267434270860545 -0.303628757424401 -0.81689274158896 -1.0541192559352
