V3 V4 V5 V6 V7 V8 V9 V10 V11 V12 V13 V14 V15 V16
GS1_SS_00041_12635 0.501751589431862 0.170949623489978 2.10799933949946 1.3474107504863 -0.152859253055292 -0.620026462231145 -2.1851808003805 -0.855051940921467 -1.13297317415803 -0.126184582160991 0.150294776973175 0.275016886830309 0.177149682130275 0.34170356406606
GS1_SS_00138_18549 1.06421343975722 1.11255176765056 0.74815514199309 0.66821098432334 0.875693960973204 -0.0512864347044147 -0.747358356368474 -1.2932096282717 -1.53490126773839 -1.78886340582415 -0.926210169573823 0.522080500768865 0.565584995872869 0.785338471141811
GS1_SS_00292_13707 0.794457823587063 2.05132244876025 1.36055234645327 0.480241667293767 0.235102521231169 -0.720603187387447 -1.57943260117033 -1.71000499855762 -0.901298537320187 -0.195786390146903 0.0106022379814015 0.245211351996637 0.258521312504503 -0.328885995225564
GS1_SS_00323_10701 0.573803496923867 1.09835911377223 1.28420529966893 1.21887370530934 0.122190922321648 -0.757565595899248 -1.60433917327841 -1.66142503242757 -1.16224090853438 -0.720776931114236 -0.236181415670282 0.215431158931937 0.584586381429819 1.04507897856635
GS1_SS_00901_16946 0.354806975536784 1.58735019100388 1.20125231627924 1.08987792933945 0.174380468694312 -0.721069602301661 -1.30764137351793 -2.24838369520275 -0.993565602347699 0.0318212534113707 0.0318212534113707 0.310999716673797 0.562705831157739 -0.0743556621379029
GS1_SS_00902_02110 0.00240733979185267 0.548071025945121 1.33246257479045 1.92426694028756 1.35352679796916 -0.5402471716216 -0.985605033114341 -0.876271684234367 -1.47008216622469 -0.661617219460838 -0.683684500886154 -0.799036199245761 0.0489492424343373 0.806860053569282
GS1_SS_00940_09958 -0.0319492388639889 1.40836758991054 0.871797217187751 0.749637873874887 0.42969673662691 -1.26285005053075 -2.43325290169971 -1.33963592347027 -0.207858693234513 0.333365368757338 0.828052538058573 -0.118042490341626 0.538430186398532 0.234241787326328
GS1_SS_01148_08472 0.441386831105808 1.77831373073058 1.15146939657608 0.367448960830908 0.561477743046016 -1.1047981919385 -1.83720162390685 -1.47681263357321 -1.20245198286761 0.00892004270544678 0.200739989173349 0.0272882557611611 0.628649600663685 0.455569881693132
GS1_SS_01604_07882 0.213676989107297 1.5896734998884 1.50897752593037 0.609347571095051 1.10003115467855 0.295674511032391 -1.61213449909146 -1.64597474623515 -1.34141252194194 -0.321519534949824 0.128555752061247 -0.470676931975471 0.0973186008516873 -0.151537370451137
GS1_SS_01889_16710 0.827290319226205 1.03207174696205 1.39686457369798 1.72351996854788 0.0484576341450011 -0.557264273157881 -1.04890551464516 -1.29099529966082 -1.03564032094568 -1.3034314187541 -0.786917939080271 -0.165941059022978 0.300438279212843 0.860453303474926
GS1_SS_02103_17384 0.736362742196053 1.11908222491874 1.25036853396083 1.02996666969017 0.372739449879488 -0.648111062247762 -1.2743069726485 -1.59814653495231 -1.08095804478652 -1.22417947283243 -0.660841855851843 0.172706855375364 0.70135305978483 1.10396440751389
GS1_SS_02240_16896 0.0496685041232928 1.75653400558889 0.961914288630366 0.806925789877833 -0.0185458696223363 -2.01371913020941 -0.862237180229778 -1.51085675964869 -0.910822916515838 -0.216532744988033 -0.0581432446954756 0.741092117210221 0.71679924906719 0.557923891411772
GS1_SS_02317_08490 0.347141463324922 1.47936287463774 1.55662033564497 0.973193302521423 1.05311481390821 -1.13706760438721 -1.71749758083375 -1.13935202758768 -1.14659158449414 -0.268254174353342 -0.101751025630868 0.196622616879805 0.29186241794906 -0.387403827579144
GS1_SS_02325_00892 0.184317863901494 0.197158661983776 0.294381847463913 1.86095921350234 0.617236199247009 1.00429454144152 -1.42995389501398 -1.96009541583964 -0.930630289585811 -0.703348163529415 -0.239428472813819 -0.481569236651141 0.483325019246066 1.10335212664769
GS1_SS_02370_19794 0.538401346551596 1.05744276693188 1.27484985286094 1.19026265883225 0.846154754613418 -0.342745253372777 -1.1346253676839 -1.57015943055501 -1.26420575002572 -1.21741283418006 -0.803475501699247 -0.0936629628712796 0.56575720504598 0.953418515551924
GS1_SS_02722_16456 0.808022216470147 1.82640966317425 1.15647342419598 0.699554914454325 0.734204191487157 -1.19259690959946 -1.92625768851203 -0.947038989758084 -1.05550629177391 -0.63067602554527 0.166257346209867 0.0306732186900894 0.267192196696812 0.0632887338101247
GS1_SS_03021_11409 -0.192113284898823 0.55623374035702 1.20995875605765 0.571841773379707 1.66467458813973 -0.307293535523778 -1.6652194588147 -2.01146351893669 -1.21915972823567 0.355709738975435 0.157971920265143 0.144446761666628 0.720618517963373 0.0137937296049714
GS1_SS_03228_16743 0.0892379892769436 1.06511827146557 1.22748013978067 1.44795046622959 0.532400436162252 0.120684919561131 -0.93620538955524 -2.19066445632661 -1.17547551128275 -1.07634931799564 -0.399214873506787 0.336540750805305 0.413961725907135 0.544534849478433
GS1_SS_03474_00920 1.37181473539738 1.17219617980892 0.966011224365581 1.28513825731292 -0.190988430064898 -1.04146853926941 -1.12919564133066 -1.76167127535304 0.145736554493529 -1.46749656185426 -0.0875019683519338 0.0257027651462584 0.0217629252333283 0.689959774466277
GS1_SS_03576_11508 1.10157452995346 1.25876887670708 0.874090028147423 0.920098129636285 0.812490292265113 -1.45698711395492 -2.14838663910699 -1.15282244300078 -0.683795408378213 -0.0831340833847355 0.384614948418696 -0.333622635935207 0.281863521760237 0.225247996872554
GS1_SS_03837_15912 0.385160091998271 1.0927007200646 1.25889593369208 0.991814379329933 1.15316571235922 -0.644749141395736 -0.868903891836014 -1.80427393838263 -0.550209954548346 -1.47355381478222 -0.668467453290311 -0.242205960649781 0.23015591285626 1.14047140458466
GS1_SS_03889_01637 -0.626790691882798 0.651784966229847 -0.125491219371419 1.50766211442001 1.56588504967104 -0.18254969591743 -0.73479423677346 -1.48790790424555 -0.431161629439333 -1.24570049360126 -0.673951269436133 -0.455033032892256 0.506227628102269 1.73182041513648
GS1_SS_04057_19683 0.860430519930936 1.08936839545858 0.960748462940602 0.971957171656766 0.651079862884785 -0.720557844483978 -1.31461940644066 -1.47154132846696 -1.12967571262396 -1.34264117823107 -0.653305592186995 0.194072786754994 0.877523800723086 1.02716006208387
GS1_SS_04374_14495 0.283320501292839 1.83140946714187 0.305274611208242 0.955792488342927 0.604017246133035 -0.771588375148568 -2.22361653094582 0.198746229762192 0.0271429022588812 0.131587032763596 0.569279730444106 -1.78524760962656 0.133902867142857 -0.260020560769602
GS1_SS_04835_20392 0.749470913152543 1.52001416659524 0.931660098890621 0.254718628946388 0.565610266994851 -0.38478212759846 -2.47979061754439 -1.47189998451631 -0.838416485482077 -0.00419059005203576 0.240176923295734 -0.115175561914498 0.744456531893697 0.288147837338696
GS1_SS_04867_07782 0.223162272282226 1.8012989850208 1.01680228772665 0.667222757114228 0.432849035195347 -0.56682041590209 -2.4015795913919 -1.07884623231785 -1.19466159555475 -0.0334601904690061 0.423705717045066 0.23139125861748 0.310938126524928 0.167997586108862
GS1_SS_04884_04272 -0.229683677619415 0.491128027164259 1.92014248562752 1.45256054885094 -0.281432914442441 -0.149826987293527 -1.53497280337382 -1.1440953191471 -1.15854307562053 -0.567761179097763 -0.212609056332629 -0.217048457867193 0.090268456646808 1.54187395250489
GS1_SS_05020_04092 0.526366333586491 0.951173090679582 1.13332606462455 1.04159903131655 0.924175417755595 0.121401239726691 -0.60688538288543 -1.34525547369808 -1.75184693339667 -1.66402317810177 -0.564599871076777 -0.220786132755646 0.465475196582029 0.989880597642888
GS1_SS_05556_10343 0.629909471227713 0.961090495589916 1.37898744276562 1.53581411168366 0.618839353421734 -0.816585922086869 -0.908836903803361 -1.62378201210617 -0.906069374351866 -1.11640161266547 -0.974519602785502 0.03369137639403 0.29134836832819 0.896514808388372
GS1_SS_06551_19748 0.13666997053616 1.08854305710423 1.68030993983812 1.1195076032938 0.726143183181932 -0.202793202504985 -1.23150423702494 -1.97235967548636 -1.00328406325741 -1.05259797015191 -0.378258964245847 0.165914264159637 0.334040281618528 0.589669812939039
GS1_SS_06725_14123 0.346791075007371 0.788232508216614 1.86099302167052 1.1641324185913 -0.109108047062436 -0.118746506302813 -1.5222893024272 -1.38909543418443 -0.569826398752432 -1.76788688233123 0.234021101894967 -0.0618795967845913 0.611848704117725 0.532813338346637
GS1_SS_06980_10362 0.792837238361811 1.52506044849947 1.14218037296947 0.448804119400187 0.305545486760277 -0.557304108269876 -2.27579285603188 -1.68889638989101 -0.529077182993577 -0.0757136366251391 0.787247748208089 0.141382160945446 0.290621548049838 -0.306894949383105
GS1_SS_07043_04928 0.457316272068915 0.74636027111926 1.46793796874852 1.25321956945397 0.575514621680574 -0.108900276070779 -0.943514823328651 -1.71670752078832 -1.51024752146665 -1.21604202243326 -0.382975925170303 -0.224001725692613 0.590895891630039 1.01114522024931
GS1_SS_07949_08966 0.105730296161616 0.861087742949846 1.39447254929331 1.89939932481052 0.659035724083457 -0.583360593131199 -1.12772206850765 -1.10007712427643 -1.77737825794123 -0.724024574072388 -0.332523378562664 -0.31422893017436 0.467147287655015 0.572442001712148
GS1_SS_07977_21880 0.580804493590582 1.88484843586269 1.50193614891215 0.366721714977328 0.201239342015488 -1.17309444314089 -1.85992662218154 -1.12489569373453 -1.13158996448542 -0.117675716556602 0.333116475807892 -0.00963018663734239 0.380645798139165 0.167500217431035
GS1_SS_08189_21412 0.0992942053101887 1.07197348461744 1.21201893059099 1.58007225141406 0.699290562274584 0.125833396022368 -1.1398186414608 -1.29491029237367 -1.50208496038413 -0.689242673547532 -0.688432493281569 -0.9246579108287 0.349755647530665 1.10090849411611
GS1_SS_08405_14225 0.257024753352287 0.836376877729654 0.972192211805004 1.66456548831501 0.507760754722164 -1.63109331756936 -1.5788566506173 -1.5522634383508 -0.720275797441665 -0.279398328366298 -0.0815638242551415 0.202128765173579 0.516308572950682 0.887093932552197
GS1_SS_08623_08143 0.283642531750577 0.401332027515076 0.775280909218403 1.57822698516006 0.917647234739974 0.0913530814127751 -1.31275853176464 -1.80629512690609 -1.61647335954399 -0.754113070417996 -0.299224187111472 0.0670558951904269 0.560782312099236 1.11354329865766
GS1_SS_08800_20477 0.269670801956344 1.4571586385044 1.6325399373428 1.30977247656979 0.113803760312642 -1.20484952649343 -1.20320275373438 -1.38928807550658 -0.216374177876078 -0.709994312400111 -0.71460527612544 -0.738812835683416 0.725003469832559 0.6691778733009
GS1_SS_09050_12656 0.34712355182677 0.0466044505804047 0.813481178648722 1.81330067505298 0.434966040465323 0.0100849053997702 -1.0462168053882 -1.43400514294803 -1.68353850798653 -0.562324401563544 -0.599248595444241 -0.339599012904181 0.578279121737434 1.62109254252332
GS1_SS_09659_12062 0.224376144278641 1.08695194797284 1.64993481741559 1.22389372702649 -0.213732612463853 -0.402617824951635 -1.79722031048642 -1.09414757511524 -1.2095774271911 -0.459283388697969 -0.471351055051356 -0.390025477452449 0.654090002688344 1.19870903202812
GS1_SS_10115_00001 0.541467309372076 0.939042681376287 1.30775268320663 1.32128332547563 0.800804619527971 -0.171597538204394 -1.07589546318278 -1.27659999017299 -1.36229405787668 -1.21120188587281 -1.0240280011516 -0.356516315880772 0.481030440570528 1.08675219281291
GS1_SS_10276_12826 0.178204884073008 0.821146323987387 1.13578661740676 0.0539351883527509 0.445032191727673 -0.902324526941426 -2.31688382928903 -1.70655216768422 -0.741478998792866 0.296305162275238 0.434896720090915 0.529641346260614 1.01019490364693 0.762096184886272
GS1_SS_10405_10135 0.589113014420555 1.4260963203703 1.09893468433763 1.30661664067194 0.130836504750313 -1.35306983970022 -1.1273908656438 -1.51397956749502 -0.800041565192748 -1.21121430585102 -0.0846022475434779 0.106502685167768 0.449615796762264 0.98258274494551
GS1_SS_10527_14245 0.0262315989724195 1.60484870774409 1.41855649659997 0.581033797653142 1.36264619750811 -0.227515143059849 -1.67959841704469 -1.59743064955342 -1.20877484574485 -0.441649325006795 0.0296269612654472 -0.085226827233369 0.337246785013755 -0.119995337113973
GS1_SS_10840_20236 0.662238957846769 1.43079816803697 1.32840893104244 1.08715429137407 0.386427950692752 -0.650263073876873 -0.950391524817092 -1.08797706202849 -0.901116704513474 -1.20124515545369 -1.18908643356059 -0.744333185365598 0.836300660737472 0.993084179885347
GS1_SS_10878_15463 0.534254459482152 1.08274340314441 1.30232350170054 0.994634582085127 0.85024682820263 -0.475537212239202 -1.25098709810654 -1.54160781678377 -1.65693349879854 -0.803523451889217 -0.515209246852284 -0.118950203449523 0.704475166135957 0.894070587368244
GS1_SS_11065_12321 0.0914777452677927 1.42673690933684 1.27622595822326 1.19802753110839 0.622890712328019 -0.376871974119147 -1.22864623935967 -1.62047921823635 -1.52630476837758 -0.636692554533086 -0.597172919324494 -0.0961143954776762 0.575803487398632 0.891119725765063
GS1_SS_11095_08210 1.32367256542342 0.212589225257393 0.676411868543127 1.47574556322202 1.00115108259222 0.205302394112877 -1.20744625087376 -1.312259396419 -1.25840020969866 -1.4389868945845 -0.57882400078616 -0.548726219971853 0.696371449504193 0.753398823678669
GS1_SS_11470_04865 0.290733734062361 0.938140333084071 0.808073713491563 0.811325378981376 -0.138160944043935 -0.755977387108349 -2.06802441224778 -1.79651034384842 -1.18031973352891 0.56419880175561 0.923507838379914 0.645490439000928 0.78693788780778 0.170584694213782
GS1_SS_11861_05793 0.103647755771478 0.512440133344893 0.930233755625991 1.56881262545401 1.09752103934424 0.278068101333546 -1.46019113608395 -1.88223062851018 -1.18505875067932 -0.991447072061253 -0.284934279911104 -0.0417308379978797 0.511251289704256 0.843618004665275
GS1_SS_12201_13928 0.828116382288357 1.47585898217993 1.33138107885839 0.888315508672332 0.621031387527483 -0.664099562517618 -1.88084430499052 -1.00049228075127 -1.76285401727793 -0.234759393147107 0.0900750928208222 0.0722561514111656 0.0671994247949116 0.168815550131062
GS1_SS_12253_18189 0.284712838773518 1.23601597564362 1.48958248263835 1.12331975031262 -0.00939981016095385 -0.92971148506503 -1.92560312847913 -1.16000377161097 -1.49809244760395 0.327218915066838 0.19602580927391 -0.161049730769399 0.670697410532169 0.356287191448408
GS1_SS_12511_20548 0.417982895205867 1.25708348339773 0.885284637248245 1.03212724018182 1.06524963182097 -0.0774728797297919 -2.03307408609143 -1.72531186377764 -1.30714166933333 -0.27013479109753 0.208897797983715 -0.200301748724983 0.351600101962398 0.395211250953949
GS1_SS_12594_07530 0.140478860468541 0.91630120529039 1.47213929216492 0.725424279183427 1.5644990951199 -0.52451172080733 -1.9227831619076 -1.63170984350402 -1.14332240060571 0.151114231717902 0.17070570507199 0.053156864947467 0.0495184484674222 -0.0210108556072914
GS1_SS_12909_09288 0.0716684675996129 0.535878646753174 1.44565208454461 1.67558403676806 0.90306875826123 -0.777257124298548 -0.506666473206318 -1.56869972814085 -1.48457828220544 -0.787071292991012 -0.843152256947951 -0.146346279782987 0.642993287910927 0.838926155735481
GS1_SS_13482_18121 0.323096080910816 0.973586736745388 1.38212092545981 0.963039916383741 1.40693697336956 0.169856985068051 -1.07156581161767 -1.22356410506495 -1.26078817692959 -0.745855182802077 -1.18013602122287 -0.869935422350875 0.0572541676775167 1.07595293437315
GS1_SS_13665_16161 0.542515596771353 1.24543673948892 1.53592966071404 0.766063647261463 -0.0768440019394824 -1.0043890948554 -2.08267969133711 -1.40486287514517 -1.0306888655013 -0.142079387582506 0.226918349020609 0.299123173884794 0.676405338241366 0.449151410978424
GS1_SS_14330_16273 0.0518794204003479 1.09894898579062 1.78518227018486 1.35153438248784 0.6201965629691 -0.342463086688173 -1.35924817849485 -1.48167477383279 -1.06284694767668 -0.312822963606357 -0.660127884065038 -0.829592066032818 0.232297560898364 0.90873671766557
GS1_SS_14500_13207 0.0774066709347108 1.02302708050399 0.864716449285107 2.03654153397745 0.905191744689522 0.335926299646781 -1.33857584087458 -1.54421645462282 -0.868540152307183 -1.12967109040018 -0.356397099972286 -0.644946786565051 0.032035170441052 0.607502475263501
GS1_SS_15170_16429 0.788531329553923 1.11868438995936 1.22788296222359 0.653247852439691 1.60432394201971 -0.730786510778132 -2.08848023478468 -1.29826105844634 -0.983707794078654 -0.199370508049633 0.118609596759133 -0.0835228423922655 -0.0456741569236332 -0.0814769675020691
GS1_SS_15625_18637 1.11137709552317 0.710710043003159 1.10632135984468 0.958441091248969 0.757475598029154 -0.611364836920911 -1.1346334796442 -1.08786792461821 -1.47210383618314 -1.33812684070326 -0.741550030641923 -0.120073722364041 0.459313586390446 1.40208189703611
GS1_SS_15694_00309 0.579322292057147 1.76967712314202 1.42146931773258 -0.620490034977115 0.658206405998669 -1.00803242581244 -2.22396548457862 -1.03533019821182 -0.370511221587497 -0.0487414162184019 0.477224324421663 0.321541044509281 0.344604438040412 -0.26497416451587
GS1_SS_15996_18583 0.346350048215308 1.03854672887817 0.988205152102688 0.750341201838541 -0.368500341996519 -1.23689254137356 -2.27770464120663 -1.24066815963172 -0.942897733004755 0.306706056504617 0.61857212462872 0.364850577680297 0.870028300622247 0.783063226742603
GS1_SS_16184_19733 0.704885939543996 1.73490618397083 1.41278962153893 0.530497615578917 0.540848001713535 -0.865863568400455 -1.7559967759776 -1.08174753132341 -1.56780793716637 -0.106207955732432 0.370537102589367 -0.370926922326904 0.417584312292176 0.0365019136994223
GS1_SS_16802_18686 -0.14923015679965 1.14424051078474 0.545144163633486 0.95675222623951 0.157175143640959 -1.36763333028316 -2.16883446924447 -1.67277547577495 -0.162403058408699 -0.0233116534737037 0.435610584500712 0.658828109026644 0.660993517510324 0.98544388864826
GS1_SS_17052_05753 0.623633800587215 1.05359789517049 1.16139869121875 1.31628489243751 -0.255624186491442 -0.956205451844137 -1.04665899335589 -1.23500061403791 -1.27465148154991 -0.70343117145512 -0.905402777844384 -0.0102844437609257 0.675675564196719 1.55666827672903
GS1_SS_17356_10984 0.450323701889331 0.429784980043964 0.915012283640748 1.29069973739558 1.15463070517002 0.0751497161806357 -1.20732230704712 -1.82433974248501 -1.46747945042177 -1.03445473151529 -0.349573935980006 -0.0562125256220209 0.413525158583049 1.21025641016789
GS1_SS_18454_09306 -0.278827371204501 0.540344927966212 0.78242561681547 1.46785026074709 0.446131128594338 -0.324008920767034 -2.33920871659596 -1.7102610096175 -0.774027422943863 0.139101962248937 0.98779629664517 0.0271749417417513 0.392221325139042 0.643286981230849
GS1_SS_18455_03276 -0.359123791510375 0.810753976707772 0.936706617997883 1.73131960496049 0.977456001944683 0.0309589475439978 -1.43787111926568 -1.6286523259257 -1.12669400549011 -1.14892094218836 -0.217241845586515 0.030218049654056 0.847798871204863 0.553291959952987
GS1_SS_18505_19852 0.797963960624127 1.06178233097651 1.15731544558879 1.15437596513918 0.709044677023464 -0.394730231804594 -1.41913916849322 -1.46984520624897 -1.28392306781122 -1.09138709836185 -0.617395875862451 -0.266127962134214 0.660543249604921 1.00152298175953
GS1_SS_18856_00961 0.200970187733618 0.70447614194795 1.45236813090385 1.59774246025172 1.25689859346988 0.0221990529950136 -0.907017944052896 -0.983634144655155 -0.942379267407785 -1.12311492011055 -1.2449150338885 -0.887372764411291 -0.1113881685679 0.965167675792046
GS1_SS_19053_03415 0.190322629031034 1.28927090975014 0.501323201684296 1.26539370647542 0.613247592034558 -1.12232662099684 -1.77894971105171 -1.52823907666712 -0.709071925319579 -0.790433495478196 0.715919566115865 1.24748580401938 0.288816092539265 -0.182758672136506
GS1_SS_19780_19931 0.660527575734821 0.845224435147404 1.17686394300441 1.79315390477963 1.07881163969861 -0.466394879710483 -0.86566603167592 -1.8654735897608 -0.507408447021219 -0.892256947170761 -1.0832280675428 -0.136140598299072 -0.292290928411269 0.554277991227447
GS1_SS_20416_06620 0.281547901353615 1.21356755697401 1.00815992672484 1.81581713954132 -0.438875944680657 -1.06288396427144 -0.836316753063654 -1.91305995769343 -0.675424090302883 -0.835119040933921 -0.126472697508688 0.124647612358619 0.387146187458389 1.05726612404388
GS1_SS_20470_16125 -0.417089431828021 0.604723303471008 1.59997137878342 1.7729505600916 0.47560670028026 -0.441213849792608 -0.792701368382924 -1.63721044284107 -1.38268393320189 -1.0110875847845 -0.333997646521057 0.302627518972081 0.410739507289693 0.849365288464004
GS1_SS_20609_12191 0.679751733714262 0.710089865827203 1.04380931906955 1.17569592117164 0.896753650910991 0.0780454468076056 -0.635743383738526 -1.60066453010845 -1.63437356578949 -1.28464232059865 -0.880133892426104 -0.211852260049383 0.470292213251168 1.19297180195818
GS1_SS_20880_05341 0.661161692430983 1.25809616252402 0.918655910595375 0.811278349111184 0.0245964249743745 -0.860314774980703 -2.28465693512873 -1.55703266980823 -1.04645942926415 0.148469157910249 0.654097379175444 0.401901395952706 0.498682487553589 0.371524848953889
GS1_SS_21126_19332 0.160192401968524 0.635606756603749 1.80095661656626 1.74551177028777 0.492760670828067 -0.827129097034315 -1.19608934681483 -1.2454856644084 -1.65577752686925 -0.294858572760781 -0.235986226894163 -0.177315498650376 0.136603140097311 0.66101057708044
GS1_SS_21175_11485 0.129681363940236 0.451167704344587 1.28574409721398 2.05189059291884 1.06113302299157 0.579976922536648 -1.0153789152796 -1.03953064369061 -1.50914758501583 -0.592723668086904 -0.486321886809504 -1.0140371525901 -0.422319806520324 0.519865954047019
GS1_SS_21359_15019 0.454134656422271 1.06388966375295 1.30822411704503 0.646142616177463 0.697387983814829 -1.60324793036901 -1.92866682612527 -1.40540189075639 -0.949166761157907 0.224611627953649 -0.0421021314585469 0.406132666483473 0.680089969422469 0.447972238794993
GS1_SS_21409_00570 0.142841311911955 1.14957436376507 1.48321295164977 1.35317945073061 0.544063100932275 -0.780396544614119 -1.53493304336875 -1.59994979382833 -1.37239116721979 -0.333834126983827 -0.36908004960139 0.213504253858818 0.651682932614058 0.452526360153652
GS1_SS_21440_21324 0.460437755454226 1.12650001972146 1.66161777024807 1.19892508263109 0.579827367729491 -0.371664138752124 -1.26435477130116 -1.23538474613731 -1.2312461711139 -0.958100219568994 -0.900160169241286 -0.562038589828878 0.601314849251024 0.894325960908288
GS1_SS_21570_13445 0.156504997788451 0.60965629925401 1.2582638604984 1.66082959879627 -0.446813917897429 -0.338756798670107 -1.73184612988509 -1.16242748689798 -1.33378277155503 -0.744235841653023 0.0293789751680726 0.109627276947187 0.529672843355355 1.40392909475092
GS1_SS_21768_09421 0.837540446942086 1.21506062208534 1.14610182848332 1.51894683117897 -0.340953647785279 -1.46731956972197 -1.524590432205 -1.32122043073464 -0.650333184504841 -0.809172168411861 -0.110701404741254 0.45651389246314 0.446345392389622 0.603781824562364
GS1_SS_21803_11588 0.342888717666054 0.559366461291935 1.16413646569593 1.63801543557785 1.19298591820283 -0.00266361347219834 -1.24158732390758 -1.36446462162218 -1.48199942813179 -0.623995340611635 -0.765037108423166 -0.653379042239037 0.203556547040117 1.03217693293286
GS1_SS_21812_05109 0.582615972710242 0.748730045386695 0.950192987807712 1.44712637407189 0.774729395235052 -0.86848074542716 -1.62412687402475 -1.3039378364834 -0.901524254101427 -1.00936392194535 -0.409970043667945 -0.210428235472176 0.319676735081285 1.50476040082933
GS1_SS_22401_07740 -0.251823637670716 1.17877622936614 1.16487566385647 1.39771013614344 1.48690543149716 -0.0221167926234211 -1.236447027939 -1.48434044619478 -1.1507268739627 -0.318778028208959 -0.500875436385635 -1.05573967631329 0.0898985977753353 0.702681860659949
GS1_SS_22501_06308 0.526115424965555 1.07971722745251 1.09316504451697 0.400804182953226 0.860069548732987 -0.319976398673408 -2.44136954059203 -1.87656122388469 -0.08576025146739 0.00187468973600989 -0.184377576606766 -0.184377576606766 0.85110433735668 0.279572112117116
GS1_SS_22523_09248 -0.34064309701715 0.805381751749326 1.37443872911657 1.04042320332177 -0.122302421734444 -0.614711625814042 -2.10283869205246 -1.3785523940132 -1.15880533756926 -0.186679519390262 0.78709879665319 0.370809972925775 1.11601619073849 0.410364443085686
GS1_SS_22623_09857 0.70588848977095 1.16845441109949 0.779447753357831 0.999674260292786 1.09489514751261 -0.1061967545517 -0.824866246957268 -1.93953729640264 -1.21883702678148 -1.26712439612992 -0.636680891646045 -0.0545247565106086 0.133209314974927 1.16619799197106
GS1_SS_22866_10088 0.630048068486273 1.12093243689148 1.22804642892635 1.13933238644349 0.75424772796229 -0.228178149903557 -1.06669013663053 -1.53983169653916 -1.48068900155058 -1.20468975827055 -0.763748110077916 -0.0867613947753097 0.584705335661695 0.913275863376026
GS1_SS_23264_08545 0.533878540620838 0.982594377907815 0.714976520319836 1.23706460699306 0.71455240327136 -0.76646433000475 -1.31272708844107 -1.63760074757323 -1.07861447768265 -1.31951296121668 -0.444135373163443 0.443032668837407 0.827367538165818 1.10558832196568
GS1_SS_24494_03922 1.13758337239913 1.66859694726362 0.855116455579578 0.67319887727049 0.89125768367872 -1.10963377141903 -2.33116689990958 -0.79587137775385 -0.478272764346307 -0.607088985168946 0.203362911981644 -0.0536638107569462 -0.00520629822178379 -0.0482123405967404
GS1_SS_24921_21463 0.428440133767967 1.55581070828473 0.368975513228939 0.642709344966445 0.880076383977603 -1.33264637616265 -2.46665143313624 -0.779035673375752 -0.898308924655272 0.157654960900165 0.517391343004032 -0.0657059484799004 0.565552771209195 0.425737196470738
GS1_SS_24922_02749 0.192416451954345 1.14889169358099 0.922717415683748 1.73694481611381 0.603443493163691 -0.392249316276948 -1.67881276682729 -1.85659626898838 -0.764647894768216 -0.737296586743434 -0.122733734894283 -0.225932324018559 0.354651787476727 0.819203234543802
GS1_SS_25333_10846 0.716464299728906 1.44678168561571 1.20132231525542 0.621916986701236 0.213424108620151 -0.772958916716593 -2.34117156068515 -1.3472126288558 -0.672047842235138 -0.222493550964152 0.916771267393295 -0.238099918338911 0.475550473264171 0.00175328121685925
GS1_SS_26112_06519 -0.0963591578184318 0.710790767661574 1.15766706505806 1.71707790449965 1.24655304391977 0.246789648649528 -1.34255689081353 -1.7396896587553 -0.784776986763896 -0.783146051371938 -0.458834548681093 -0.872032030233649 0.334207785658476 0.664309108990771
GS1_SS_30624_16118 1.10560274215459 1.10402355137867 1.08507326206765 0.892411987405606 0.887674415077851 -0.691516360840557 -1.28766087874976 -1.42820885780649 -1.41557533159915 -0.890494398606277 -0.723889771746885 -0.194860861814218 0.621580769335599 0.935839733743362
GS1_SS_31213_18500 0.407786100483118 1.29733153051085 1.19011701540393 1.01254297475809 0.0358857512059882 -0.155090103828214 -2.13855863330624 -1.99448912863131 -0.664359050586085 0.229709491797717 0.739481006595152 0.203240908380696 0.0534756325907173 -0.217073495374402
