V3 V4 V5 V6 V7 V8 V9 V10 V11 V12 V13 V14 V15 V16
GS1_SS_00247_17909 -0.0286837489077158 -1.2382312295292 -0.235490517247947 1.00807123448213 -1.16523660373016 -1.72939730433725 1.04276579101289 0.758406484545071 1.37950707498794 0.0842436311728051 -1.32938947610022 0.741399348990776 -0.315764197064221 1.02779951172511
GS1_SS_00447_18841 0.556341897308183 -1.28702479582188 0.259127388983574 0.969299581473094 -1.54685641505521 -1.6516106647066 0.858383317136336 0.728981008743452 1.08021584580985 0.185183212759069 -1.11500188585515 0.597524695455443 -0.758118535327156 1.12355534909699
GS1_SS_00786_13049 0.187035402351608 -1.15282739155987 -0.789715681085617 0.348946331519923 -2.08293706705276 -1.36894682137691 0.905841247182414 0.264667520986692 1.97537028530659 0.159811732935303 0.304279707583884 0.788946461243642 0.0899078742343761 0.369620397730723
GS1_SS_01184_11248 0.386890978765117 -0.972985094722953 -0.0508687865221019 1.18912324031411 -1.82011808260544 -1.50563446655591 1.39345278818165 0.197290297388679 1.13011850849215 -0.640023446166402 -0.908713677307211 0.866784228802656 -0.0758632266282237 0.810546738563882
GS1_SS_01299_08633 -0.186951892996683 -0.950075529844189 -0.74670752312933 1.23593309767383 -1.57992401666011 -1.22067344557498 1.71246580078676 0.266183617110697 1.21293079400172 -0.798043136474829 -0.639100179770497 0.759795283894336 -0.0112261396217079 0.945393270604985
GS1_SS_01306_09932 -0.158096476678756 -1.00709079775197 0.0528552690868902 1.36352267310623 -0.931096295896234 -2.07914065328231 1.03084139535779 0.434124612868243 1.24421389886173 0.207610853070704 -1.34253865577275 0.60962954889458 -0.315445729667886 0.89061035780374
GS1_SS_01438_13201 -0.0701544960002701 -1.19016906216172 -1.08958754928758 0.293467980471089 -1.95946234352688 -1.19016906216172 1.39245838242132 0.269337973819573 1.6767624211867 0.204354193530342 -0.0577311262390936 0.852519619724031 0.237562816545794 0.63081025167842
GS1_SS_01653_10908 0.0342318009997101 -0.791634254543219 -0.755198987386913 1.5584404770385 -1.15477241720107 -1.85675856441255 1.61916592229901 -0.332549888373767 1.37019159673092 -0.35319653976234 -0.464445555479594 0.690066609813212 0.0305882742840795 0.405871525994028
GS1_SS_01813_10587 0.823344488652228 -0.595884388846027 -0.0780688322573471 1.90288636102831 -1.6356580264761 -1.30259906047826 0.78937578814001 0.0196947448265957 0.924422085298338 -0.559015921216913 -1.15926771441451 0.0172092301549701 -0.43018341073765 1.28374465632636
GS1_SS_01856_21219 0.404142389678683 -1.62760366919691 -0.452264917936977 1.28424352888473 -1.25037292940261 -1.14281540441994 1.53365228246774 -0.173238874865984 0.893139427172372 -0.185709312545135 -1.15528584209909 0.819719725336374 -0.06100493575363 1.11339853268037
GS1_SS_02036_11692 0.721905485026935 -1.21077539557273 0.0749136022510798 0.874529211220213 -1.50606912668582 -1.37667075013065 1.09268160246387 -0.202131639860632 0.327074541179105 -0.525129895184886 -1.37003493594833 1.07360363668971 0.577576526561552 1.44852713799059
GS1_SS_02097_17107 0.292051805096273 -1.12849204954281 0.410712986271376 1.44702063520061 -0.969147034821962 -1.57940453800821 1.19952731446396 0.205033605567865 1.53234367499794 -0.430651293584472 -1.13018720927389 0.589269811277721 -0.996834643762819 0.558756936118409
GS1_SS_02189_02003 -0.0712290310475428 -1.16186398444854 0.185540503436142 1.02353711535876 -2.30270882206789 -0.788149909506941 0.961569220279161 -0.72649979850467 0.937417630401983 0.0082169882852806 -0.777345250877677 1.08868285121168 0.493791058447497 1.12904142903275
GS1_SS_02205_14855 0.341746249951301 -0.97298183754776 0.34671111421156 1.61595463881018 -1.16917405428382 -1.70089500086646 1.22332996997062 0.0584286732932622 0.977729345999391 -0.880891613365526 -1.2788815387444 0.626985709548795 -0.0152435060525251 0.827181849075391
GS1_SS_02267_12660 -0.156211237330375 -0.946306159590423 -0.93968635497081 -0.270945597336809 -2.2224332249681 -0.589341808917345 1.53235741955731 0.883422555380983 1.5858778207265 0.441544743227925 0.537212460317838 0.727878889483048 -0.362599284339033 -0.220770221240701
GS1_SS_02358_19984 0.748818054769728 -0.78619784267935 0.0313263369081511 1.47341867854076 -1.35795698939707 -1.71797229581169 0.993059750658913 0.0490986016817923 0.985443065755923 -0.942949217982866 -1.07055407905761 0.478171851216847 -0.151474100763588 1.26776818616005
GS1_SS_02378_18759 0.684788392512563 -0.828549074567573 0.0547891298527274 0.81368992455368 -2.05618271305441 -1.71635140130964 1.35384872548789 -0.122659732437642 0.836233742278621 -0.151118512238928 -0.735360521100618 0.858889163061605 -0.065742172835071 1.0737250497968
GS1_SS_02402_09771 0.135622016716695 -1.26143653673668 0.0864608176193338 1.33163327833907 -1.47275631793131 -1.18358574234519 1.34961013472542 0.100402053184257 1.19368842117035 -0.608399712906058 -1.28198151546394 0.682998949950003 -0.196766389120689 1.12451054279872
GS1_SS_02442_20324 0.792305439831705 -0.77577561471199 0.44811859623043 1.27651860800368 -1.80673279065432 -1.78642362907536 0.897592409069983 0.0435387195127832 1.13916454153547 -0.903028545552772 -0.706831355667635 0.544319887920228 -0.0382323784235445 0.87546611198133
GS1_SS_02447_18603 0.652655236491385 -0.960515330327759 0.204129063544622 1.05261488115729 -2.11087545117636 -1.63758987165504 0.351923675097356 0.0831888852765986 0.625038975312073 -0.471231365019804 -0.454852065285867 1.31449321992663 0.0536680543607819 1.29735209229809
GS1_SS_02471_00132 0.73057646285778 -1.8667264904687 -0.391324733030736 0.715550422132336 -1.28381973818856 -0.882326520701377 1.52060941444813 0.306868021367035 0.983039854012002 -0.507258409317565 -1.09554085720207 0.81464457001996 -0.207385268977891 1.16309327304965
GS1_SS_02499_15122 0.631929350057181 -1.27253884895121 1.15294081144843 0.574039187680375 -2.03456241493162 -1.24536591559067 1.19254240824171 0.0908335466168315 0.833954202433382 -0.73026161362562 -0.6840676269127 0.962730277924644 -0.204524424693403 0.732351060302661
GS1_SS_02556_20202 0.310493451943196 -1.55937829238584 -0.115205748187606 1.27487411414314 -1.25268299236353 -1.65888841468926 0.878058364896299 0.759973019762917 1.32998741264964 0.0378867476637973 -1.24809021748799 0.405308737707165 0.0184950315226195 0.819168784825459
GS1_SS_02606_14711 1.57353877122409 -0.171153029026379 -0.464442579051684 1.07918663160782 -1.82049153120066 -1.9553148420051 -0.0482488804814638 0.0181857944076793 1.13780546239236 -0.505475760600861 -0.347204917482608 0.409173395740548 0.0289325800515113 1.06550890442476
GS1_SS_02651_18123 0.721034212087053 -0.681459121860583 -0.664093945839382 1.91820987660754 -1.07207343424338 -1.92460142879013 1.5402619279108 0.265658007954601 0.84156896329304 -0.77645684950598 -0.188083826669973 -0.194212712324514 -0.202384559863903 0.416632891244813
GS1_SS_02692_16551 0.270773482798725 -0.999864777882137 0.109205255686288 1.68244163663705 -2.12810392314187 -1.68584513197816 0.74644129719585 0.352926818618608 1.19910617756341 0.0215750308117456 -0.441222094306931 0.601577581700122 0.144805034541571 0.12618361175573
GS1_SS_02790_19804 0.353133178601793 -1.15260041183867 0.340193280558946 1.17540488150639 -1.66454983258843 -1.37199050138332 1.19481472857066 0.571935090962673 1.1254098208863 -0.557365101867674 -1.22494620544186 0.306079003900529 -0.276216408027619 1.18069847616028
GS1_SS_02853_08541 0.427340480675891 -0.213772505673605 -0.521517366282018 1.29395591212732 -1.24726387928517 -2.32444469114137 0.995805015998309 -0.561369218734906 0.975141092504219 -0.475023538420315 -0.562845213270198 1.10281461980699 0.214265909561117 0.896913382133735
GS1_SS_02869_11057 0.902220340129871 -1.39436926355932 -0.623043918342306 0.36576988487033 -1.01186776039843 -1.24895546896923 1.89956930085106 -0.00503529133440853 0.812127010872965 -0.599335147485226 -0.984997820093735 1.24520722519564 -0.303765804133623 0.946476712396421
GS1_SS_02893_01729 0.485161550872309 -0.0564427327592544 -0.261786078705659 0.15099290346608 -1.1247063694586 -2.44404483962953 1.7016788987644 0.527007356450907 1.45359305140557 0.170122414587724 -0.526610248295927 0.464447877110904 -0.758555570645868 0.219141786836939
GS1_SS_03111_14241 1.13791693011275 -0.814068992736093 -0.24492253545601 1.2925405341137 -1.36545018487564 -1.46184319758262 1.39671955808597 0.0149767138221789 0.695649557817839 -1.57007972038328 -0.707696726153881 0.585219792407234 0.408663762306861 0.632374508520998
GS1_SS_03185_18026 0.711190160293824 -0.859885276773643 0.124870701546965 0.977286811701896 -2.04230090829673 -1.61155872497376 1.22156297092848 -0.339168986078933 0.831911324830394 -0.294536161162244 -0.738030580175697 0.972185917425703 -0.0210715513552262 1.06754430208898
GS1_SS_03187_06138 1.03637132858732 -0.541261185806484 -0.145545626947485 0.0305216481395588 -2.27927181216077 -1.95502910754502 0.655996284785413 0.349534631713113 1.24207368958011 0.157778193499501 -0.362404726163606 0.931916366971327 0.230994288090153 0.648326027256869
GS1_SS_03222_16615 0.581800020568819 -0.376015960953134 0.476277920909621 1.37621556014359 -1.67474949522019 -1.65945643729857 1.00447661374106 -0.318784632654138 0.699556566565316 -0.900567847664801 -1.17243136194842 0.664500172252672 0.0292500739698733 1.26992880758831
GS1_SS_03250_07719 0.289571952284701 -0.171964747820163 -0.914470345107864 1.02494733750398 -1.33149139689364 -2.01560633859396 1.32981208053775 0.194759402618065 1.74798938292922 -0.603053515308506 -0.572220165823422 0.605228367638258 -0.0731053210336098 0.48960330706919
GS1_SS_03251_11448 0.980450374957001 -1.01929506381804 0.319829961709543 0.904533774981602 -1.50508830692984 -1.54998129633837 1.39908662578288 -0.928414134039798 0.389176855917839 -0.709423941803071 -0.747747225444498 1.21403991334284 0.381877182843282 0.870955278838637
GS1_SS_03320_06856 0.616494951262172 -1.55172148822389 0.00921770220411052 1.03312473800873 -1.40451648658759 -1.08802573306955 1.29839381268817 0.136040472844616 1.04418209832395 0.0924451454369419 -1.55172148822389 0.780911614628255 -0.413147417875429 0.998322078583407
GS1_SS_03374_12514 0.512261961054693 -0.47112694516992 -0.0107388804580227 1.01728925252106 -2.09537603747349 -2.01987239486074 0.72772357533986 -0.163587717942373 0.62901637426563 -0.44055717767305 -0.324907695817421 0.823484292799935 0.444124527477332 1.37226686593652
GS1_SS_03539_20182 0.567329738893109 -0.813670972899614 0.128176930002501 1.39055785198694 -1.38137558064049 -1.37008920672914 1.25625000244188 0.20435995390411 0.795709514989266 -0.927663349404243 -1.58678758582705 0.529407522550975 0.0384502574072723 1.16934492332449
GS1_SS_03546_04129 0.440406913653601 -0.948055239717881 0.0954209184907483 1.41452080828451 -1.63072593914067 -1.56075523465438 1.26484434477471 0.13983710481683 0.982527763195227 -0.68314006812369 -1.11233428503353 0.633891122580916 -0.0871113540821898 1.05067314495579
GS1_SS_03575_06174 -0.148723559277325 -0.566729197724713 0.145338546839732 1.59013129135701 -1.48415436350313 -1.79522832699887 1.15146839752123 -0.139002497918084 0.807099798870102 -0.817168040992173 -0.707684587433715 1.026309732521 -0.245934172869741 1.18427697960867
GS1_SS_03777_15745 0.697135840894937 -0.763309795293669 0.332953468512028 1.28800315935292 -1.61755900806429 -1.53984509110044 1.22064800119537 0.315766290223549 0.80992089193393 -0.574250834120398 -1.46937766011768 0.407276401651397 -0.21517816339082 1.10781649832316
GS1_SS_03788_16593 0.117981177850985 -1.36373104505271 0.865153198181367 0.735677066171453 -1.97890056982177 -0.955723331499521 1.02576676096245 0.184298221075575 1.04263023766813 -0.156760858365174 -1.51847081257676 0.977576376219243 0.404723440936355 0.619780138250383
GS1_SS_03844_12619 0.439522105673783 -0.125203028391147 -0.922472451444269 1.24103891300066 -0.537553251635048 -2.10377620258291 1.1932558399209 -0.522510432332159 1.02513021241802 -1.26491780851592 -0.601264015741402 1.0463671337868 0.219896943851603 0.91248604199109
GS1_SS_03861_09670 0.163654718496296 -0.541944694539006 -0.280683255263729 1.3062380795935 -2.03403780328892 -1.69149502735022 0.996207838320177 -0.160696520189158 1.31591442919629 -0.466469167637259 -0.423893229384992 1.04691191023879 -0.0368392452734716 0.807131967081699
GS1_SS_03884_00332 0.715258668290139 -1.31209880719235 0.0113601528026179 0.93972768797556 -1.30700608521394 -1.41622388713313 0.838522002799474 0.183280066723533 1.97384218906967 -0.481693185234724 -0.465474325430864 0.867715950446422 -1.04351448884043 0.49630406093803
GS1_SS_04210_19280 0.820455488889203 -0.787741382644614 0.39793739190546 1.04429910749459 -1.96179585548341 -1.47054275707648 1.21163851169473 0.055273193633955 0.676920632976065 -0.644711931153706 -1.09098403598223 0.627390999597588 -0.105445412634981 1.22730604878384
GS1_SS_04275_03745 0.314567494270217 -0.639234003766038 0.484808325447905 0.843828266177575 -1.81096640788179 -2.01050054916238 1.42261878946664 0.0181248565719459 0.878499092144768 -0.896788710950902 -0.458096627284376 0.753259577936744 0.202559499359876 0.897320397669816
GS1_SS_04308_14457 0.452679611430076 -0.384752323712685 -0.67856318909328 1.1808195821559 -1.33620747714324 -1.97729237664519 1.488351083762 -0.214900309748701 1.1358726703827 -0.588669365546882 -0.697488204576733 0.762103614584519 -0.188878413458954 1.04692509761048
GS1_SS_04532_16149 0.307648334319146 -0.789995802518915 -0.691117508685083 1.51938281019624 -0.97563029166368 -2.07921663366002 0.979830581824135 0.302419193779857 0.977453699760821 -0.744050672235069 -0.519744311920198 0.880001535164978 -0.379745958391047 1.21276502402883
GS1_SS_04608_11875 0.55776375710724 -0.574661024789649 -1.59614396575127 0.137002765910337 -1.90903063235212 -1.34790264973594 0.932767629577383 0.17176795108821 1.93303358252604 0.422281785458176 0.359653326865685 0.57310133880336 0.18966179640035 0.150704338892205
GS1_SS_04704_13709 0.287227576710039 -0.774372974919082 0.148466377298847 1.51131800869056 -1.56979962730592 -1.57805308154599 1.24720747300829 0.0427189948479385 0.958336574605806 -0.663157679034127 -1.18188727802258 0.515229250091998 -0.150205498013719 1.20697188358794
GS1_SS_04953_19342 0.588363950355491 -0.570891335362054 -0.728672061272612 0.444327846153132 -1.45600731687223 -2.17374016552503 1.39421300393209 0.917293458906498 1.13626599379191 -0.149703407125876 -0.668930027464235 0.501754005344922 -0.193008379631161 0.958734434769164
GS1_SS_05300_21664 0.529395259563415 -0.985571026074007 -0.232103402787247 0.489016979825471 -1.84221519289004 -1.89464003122384 1.28152437633953 0.151601796932436 1.3177755943363 -0.110522394736533 -0.32970283585548 0.898934598712051 -0.29902872831975 1.0255350061777
GS1_SS_05346_08788 0.705849129845074 -0.741277271483324 -0.891826418398755 1.08549480467529 -1.35001947422833 -2.09185585033335 1.14904181777546 0.0354690517325214 1.29822729488188 -0.373631890972454 -0.443724519155906 0.854025491292815 -0.0736245329888053 0.837852367357879
GS1_SS_05452_00064 1.36189311227868 -0.738837750401322 -0.51217287813222 0.618052145853182 -1.57627870510202 -1.1388588923457 1.38234873885538 -0.243563640256348 1.03212361716337 -1.21262312151623 -0.760119866940718 0.630449495293607 -0.136119945105999 1.29370769035634
GS1_SS_05759_18064 1.18651058895878 -0.172279504592269 -0.404831806360008 -0.185824277891404 -2.44901438362003 -1.77110184934491 0.839467890000842 0.408191526247284 1.28759098671352 0.154142793223704 0.0860819920688462 0.708400307578862 -0.0871024227509417 0.399768159767723
GS1_SS_05989_10833 0.705482630270826 -0.919098877710453 -0.0744398014545321 0.757888485366996 -1.97029867699246 -1.63942249383624 1.37956578601764 0.194782434529715 1.01991776084785 -0.58935301691906 -0.760853746635743 0.90996822172451 0.114632303206161 0.871228991584792
GS1_SS_06192_08601 0.169149363038012 -1.25174631725462 -0.443440082724879 0.731065803742821 -1.71847136384222 -1.25482362525409 1.80094321822825 0.446927698457622 1.19163623433147 -0.51216662804657 -0.844515891990268 0.612076561096311 0.114578434513923 0.958786595704244
GS1_SS_06274_14575 -0.246667181924693 -0.883241423810834 0.644686187289116 1.18338340372093 -1.84408000956855 -2.00322357004009 0.76572495159141 0.151565295687176 1.07280477954353 0.0477110473043435 -0.797318844213526 0.964467613964313 0.193405856186735 0.75078189427014
GS1_SS_06520_12527 -0.527756053657137 -0.795417307039261 -1.29444676249746 -0.226070064675591 -1.99308800013893 -0.729636151547044 1.4003122969768 0.987478838370477 1.7949992299301 0.505461750711992 0.420626743284099 0.504327592858678 0.0522522725276845 -0.0990443851044141
GS1_SS_06568_16853 0.404371219973431 -0.794150244135151 -0.120914011876647 0.625469194983784 -1.93822574009343 -0.903752345237713 2.11208084708765 0.210969672239536 0.716843732836028 -0.943758295748152 -0.994416718287997 0.566288794820413 0.0573373534154257 1.00185654002282
GS1_SS_06593_06693 0.295784297919488 -0.743841642770442 0.165563110503172 1.3504151490936 -1.71594548628154 -1.55785803653745 1.02550524814499 0.124299606671664 0.78880278525698 -0.886924182030344 -1.14575888788253 0.601241404204673 0.327937677528455 1.37077895617928
GS1_SS_06635_14709 -0.122642491088568 -1.39767701787396 0.359151931988233 2.25191573693281 -1.61362416107445 -0.994174188547137 0.958125641534784 0.230099854378376 0.614244872063718 -0.574324762723068 -0.924486066637814 0.228379160010244 0.201708397304207 0.783303093732631
GS1_SS_06876_11018 0.807260186374868 -0.158978795765545 -0.490510004084603 0.204724026518685 -2.24222712040857 -2.19451498105345 0.640949300622709 0.510081718391502 1.18486768927116 0.237440922076487 -0.0361541170256304 0.815439410264319 0.0970309119742544 0.624590852843808
GS1_SS_07019_08643 0.406877609213814 -1.16748991103906 -0.606353096434681 1.5407310179157 -1.14481284286502 -1.96215227875481 0.740278760453391 0.791905277360242 -0.0215742320318353 0.0898811455894992 -0.719255946492656 1.06837251275862 -0.29659399499357 1.28018597932037
GS1_SS_07068_09635 0.266067927577343 -0.747459740600304 -0.926559501934696 0.369265284838913 -2.15582947134396 -1.6161621320413 0.948566391785507 0.900208209880327 1.66047859550301 0.459002117240279 0.0763742346400115 0.645953851409791 -0.00214549371118348 0.122239726756265
GS1_SS_07262_20903 0.48821705739191 0.156236185434752 -0.736782269525992 0.588674626211097 -1.58775654110817 -1.97119949352069 1.72868864379312 0.929288570488654 0.579705200423669 -0.537548899222761 -1.04510628096881 0.355245320093298 0.216219220388173 0.836118660121751
GS1_SS_07896_01741 -0.153382677089946 -0.905584629791264 -0.657153304596373 0.521552272306679 -2.32044068368184 -1.19955743375515 1.33311165801028 0.626195333073632 1.63501584310809 0.102468327230231 0.0605087625217217 0.752329878203478 -0.201994367910779 0.40693102237124
GS1_SS_08217_00415 0.592929331178314 -0.800697077876182 0.37709590782731 0.705134124112446 -2.01922683553665 -2.02280023658551 0.520031949781617 0.45142264964355 1.46984194856799 0.164835885525164 -0.670625279697763 0.33993253691919 -0.0895902691535034 0.98171536529403
GS1_SS_08439_14031 0.695061668070036 -0.84677468757403 -0.775347345797205 0.517147410164391 -2.04167824030209 -1.37449977315592 1.12153260981445 0.935245916242656 1.86720266133075 0.0278832009238679 -0.0820050171943245 0.3889444890265 -0.249453730517284 -0.183259161031802
GS1_SS_08547_14640 0.367341096966694 -0.939932987878936 0.406316521783695 1.2354707641611 -1.97374015761512 -1.27537721786132 1.11004656921721 -0.158507667367594 1.17879666282884 -0.596821461211241 -1.03769102061666 0.799265476905915 -0.131033187578561 1.01586660826597
GS1_SS_08667_18703 0.385279241714208 -0.476927754336404 -0.810808030564948 0.765123325603411 -1.12957269219368 -2.24319246169018 1.34136757197999 -0.0344618385336866 0.680187967375885 -0.770396897655241 -0.390861295696647 0.880701222271376 0.326462020278198 1.47709962144771
GS1_SS_08869_19374 0.17106449889572 -0.91793122930724 -0.897405074471015 0.338602303234637 -2.08292920649838 -1.67656681683528 1.06117842956391 0.437072370354365 1.4730884286422 0.33444159617324 0.00574573832288153 1.10694620723927 0.211007286685131 0.435685468000566
GS1_SS_09235_10547 1.05532577093847 -0.769187652631814 -0.656518496993011 0.799821201860797 -0.900029252728487 -2.01218285355021 1.22214881106173 0.457452348274501 0.839073681889799 -0.764462817072767 -1.10537787510243 0.621004348395343 -0.111345163256872 1.32427794891496
GS1_SS_09388_08850 0.40471961176104 -0.691032517053846 -0.578163872601718 1.11500302049565 -1.43205462044776 -1.84647809308657 1.31247168841858 0.0643983494616137 1.1930847939829 -0.878346437633973 -0.644375569803118 0.941274505144409 -0.00833159772334423 1.04783073908614
GS1_SS_09430_02023 0.0599661674643807 -0.347230469800651 -0.851278051204505 0.613302744137382 -1.96590470770597 -1.78126981302556 0.951326628244606 0.841397852488727 1.93983344899514 0.430088117877585 0.0824064085101544 0.34259958316748 -0.121828190374799 -0.193409718773975
GS1_SS_09507_21730 0.410989439639734 -0.724597654164171 -0.536265875590307 0.771593697839303 -1.42074393129573 -1.98038616736793 1.70351968225519 0.263049231147603 0.931456719186885 -0.577144091094712 -0.725570945009514 0.825124694333166 0.0085336750904178 1.05044152503006
GS1_SS_09658_16140 1.01937953974189 -0.463914673195145 -0.218933459719102 -0.546062602490096 -2.14221880730714 -2.05690196679309 1.17051222865248 0.656661086356466 0.782930010317252 0.329531943585472 0.229345596581836 0.828026054588962 -0.136054243219744 0.547699292899957
GS1_SS_09748_13823 -0.120263864974814 -0.851853601370136 -0.968596644411943 -0.0748637926807777 -2.13602707483001 -0.566481718379053 1.46614437547107 1.3169727093621 1.66460754864214 0.315576829047932 -0.00352082193300685 0.637268769874244 -0.483464443327101 -0.195498270490645
GS1_SS_09916_17814 0.658269910076982 -1.66368340208355 -0.190809633750167 0.749141299382898 -1.98646614951394 -0.970789058625943 0.888382771954775 -0.191756210722104 0.883555229397898 0.36199131786082 -0.947124634327527 1.20444482288441 0.101682650578249 1.10316108688719
GS1_SS_09923_04400 -0.525515173283758 -0.578686113985961 -0.947084774565507 -0.0106854299767181 -1.67544226386711 -1.40536764442735 1.87350703220847 0.518914019080934 1.77644896584731 0.196090450531847 -0.0655443370504191 0.854819327009134 -0.0292530600632016 0.0177990025423189
GS1_SS_10047_12135 0.431220795805051 -0.510601707746065 -0.519495215806037 0.557508610256664 -1.61517540879468 -2.18258122302094 1.58470879118352 0.59486134410855 1.22096431153063 -0.359412070726528 -0.541728985955969 0.674902916648304 0.0630295621221784 0.601798280395328
GS1_SS_10088_21378 0.100225528430096 -0.0962497706053696 -0.411142462061759 0.719810162183019 -1.50217911133319 -2.31158638162602 1.38507641173877 0.493619637334063 1.41612217005137 -0.748210695170006 -0.251478562168378 0.469226541517019 -0.0851619997794404 0.821928531489827
GS1_SS_10458_21104 0.372478067063904 -0.713428330573185 0.588831489352513 0.80599257723996 -1.8966584328702 -2.03194242067549 1.12804923477643 0.173994246149576 0.850818017975444 -0.0107592595845145 -1.00923585614744 0.677775663424499 0.00337488839514266 1.06071011547335
GS1_SS_10677_05236 0.381116997913845 -1.07189414715062 0.479183644685369 1.13083361110206 -1.98873025306191 -0.933788455247529 1.42387299938383 0.403747762553428 0.985764607002174 -0.193936534338106 -1.52450943994227 0.34978209302827 -0.253704964027259 0.812262078098709
GS1_SS_10714_13767 -0.0402202347767717 -0.802640116399994 0.171894346814494 0.995648565283383 -1.57954171644511 -1.50031819801946 1.19839262318989 -0.133073605834795 0.93261049685867 -0.800084519031425 -1.19023905063303 1.13450268897566 0.250265999450624 1.36280272056786
GS1_SS_10756_00957 0.744583929256772 -0.0405100751807928 -0.274846734178177 0.910075920074134 -1.81557716868782 -2.33025726012981 0.56717651510056 -0.394000967566678 1.30394685821945 -0.314564811974344 -0.273191814270004 0.969156560795932 0.281206354968159 0.666802693572612
GS1_SS_10758_13783 0.427154873374279 0.277108572672749 -0.485405083698617 0.972050384787381 -1.35395732692758 -2.56016875637728 0.452359291303079 -0.341779908517043 1.64256791571863 -0.427794985575646 -0.0652314340204891 0.818423456459458 0.112299684327208 0.532373316473872
GS1_SS_10886_01209 1.06549142968041 -0.890390713518236 -0.206350890161255 1.18729769339819 -1.41073273087186 -1.38620164755147 0.915946171746508 0.193694468602 1.01529705919408 -0.721503639889409 -1.40459996004176 0.255965680107601 -0.107283053675072 1.49337013298026
GS1_SS_11073_16644 0.0189514480439226 -1.34551039041779 0.462141718752106 1.17584879791265 -1.34254094136782 -1.72931168012655 1.18000602658261 0.263188632404044 1.48363219194216 -0.281705268265649 -0.636554429737193 0.436159039564859 -0.682580890011744 0.998275744724384
GS1_SS_11097_20567 1.06697383442278 -0.222698991826474 -0.327267058819657 0.243347964096523 -1.48507199638987 -1.9725688122089 1.73484447209486 -0.0201440648536651 1.08891119113464 -0.745783075200299 -0.607577727915603 0.889037496648836 -0.356516867768799 0.714513636585621
GS1_SS_11259_14923 -0.0236899305349477 -1.10281291216562 0.338158847035655 1.36161278596316 -1.97103586663236 -1.27645750305897 1.258839168665 0.352076107711447 1.0971848331231 -0.313811287699543 -1.15527027932822 0.505165975145163 0.0994242985201389 0.830615763256001
GS1_SS_11420_01152 0.87269501156093 -0.99902544483173 0.364885479476728 0.887323269686812 -1.17944062838428 -1.92617837652456 1.58599674112776 -0.227210682761366 0.554356251392919 -0.550634504087422 -0.780994740384055 1.03012293234423 -0.62287023588047 0.990974927264493
GS1_SS_11453_05938 -0.112354956550975 -1.30727683603669 0.0778843864190299 1.1257202563241 -1.01006584973531 -1.72726209479795 1.14273847230864 0.80905988032611 1.42840138347766 0.101588330111778 -1.285396272628 0.44316823665856 -0.582179276409805 0.895974340532853
GS1_SS_11894_13600 -0.250532125906561 -1.40985975877187 0.565015425839508 0.804024434617645 -1.12560869602826 -1.30464221879295 1.5048298034447 -0.0302747579167466 1.39842168309827 -0.0139042778634497 -1.65988163594949 0.695979266265884 0.0872950533751137 0.739137804588213
GS1_SS_12927_17042 -0.259419400970609 -0.561793303562013 -1.08530632894414 0.490874051355074 -2.25644107107055 -1.49035196711696 1.27050228527545 0.383689272451405 1.19490880962759 0.170447975474632 0.306967535972989 1.15654794138839 0.29117188434508 0.388202315773664
GS1_SS_13544_09663 0.0842562652367774 -1.21122638153784 0.0988761320969298 1.06947284864593 -1.25346155246716 -1.88942576088379 1.10732205951722 0.585392812609778 1.10114922684293 -0.0521958254579781 -1.26970584897845 0.736464770164686 -0.221948724000858 1.11502997821182
GS1_SS_14600_13955 0.0882539785451768 -1.52442603916327 0.406829315732644 1.27903692808644 -1.12749838931619 -1.68199167890735 1.2945351877334 -0.181243536426924 1.56661574597999 -0.694408133626196 -0.584198287247829 0.621221907515562 -0.0848099208458528 0.622082921940392
GS1_SS_14616_02256 -0.188990535455875 -0.491321503572347 -0.782557757262526 0.281147988358272 -2.26508897247587 -0.560663468736675 1.80251070406364 1.22419871459314 1.55287962947205 0.185456076431499 -0.0727179282683289 0.125821986390176 -0.552342432916956 -0.258332500620203
GS1_SS_14877_04587 0.559825956583925 -0.557739933998404 -0.557739933998404 1.21549975597369 -1.44019526458087 -2.21300262099299 0.898785799812434 0.114908215238885 0.827620047346106 -0.43069588700296 -0.682675366105957 0.950446864565768 0.0701001488711968 1.24486221828757
GS1_SS_14930_16317 0.145187993324435 -1.16814663146366 0.330508333660146 1.1133699730447 -1.64312733568544 -1.59381239918154 0.895423908927198 0.677270202971784 1.29396646156793 0.175815164416331 -1.21019410364067 0.602000036728989 -0.570657242874291 0.952395638204072
GS1_SS_14963_02356 0.107860022775363 -1.20559106520413 -0.426456286547142 1.19430318506445 -1.61156129197803 -1.43082405699185 1.43355203422158 0.0546120056951131 1.18628538019375 -0.620474923494718 -0.406258762827047 0.924329618005856 -0.338933683760065 1.13915782484686
GS1_SS_14991_11728 -0.306911804837015 -1.34260565032343 -0.695433415999465 1.42069974142747 -0.993372741413366 -1.25518828781188 1.61386919416836 0.152547740947793 1.34539639544374 -0.313459921879078 -1.04794038343056 0.766979390061442 -0.220694930449842 0.876114674095838
GS1_SS_15166_10857 0.189629834767251 -1.38789389084964 -0.0553806621269264 1.13044865069204 -1.36102870478669 -1.43947504809052 1.03964432179924 0.449684835856685 1.11432953905427 -0.381524020931237 -1.20091219585146 0.745201882549223 -0.285883958547106 1.44315941646487
GS1_SS_15763_11072 0.0272765939805362 -1.11871182432623 -0.477924134997488 0.354171183319258 -1.56540585123511 -2.16068832784341 1.51780448002783 0.741429830348368 1.02003317353478 0.185151821786169 0.180508432733062 1.0646097084446 0.393175651365355 -0.161430737137726
GS1_SS_17800_09779 0.320616231293471 0.106365574362763 -0.878940527435151 1.22852238388991 -0.572949562616561 -2.5408076575905 1.32918980248324 -0.458131723862471 0.866119676953926 -0.659656499574777 -0.587289921302969 0.824903016888355 0.27598067776624 0.746078528744522
GS1_SS_17857_11856 0.520625622672838 -0.353424669522872 0.320395614193953 1.44369554214368 -1.69308158430585 -2.01162932506771 1.20115217461623 -0.2256862271121 0.712632468921531 -0.624632543527304 -0.917070546660405 0.630161337040076 0.0641203641073403 0.932741772500593
GS1_SS_18101_08806 0.862734025363759 -1.14226071358442 0.149296417049816 1.05599112282511 -1.56092089513285 -0.861205684271785 1.35290314474996 0.414214923431752 0.73885127058084 -0.691962782352966 -1.5037442390792 0.388803076296794 -0.570494153047867 1.36779448717105
GS1_SS_18521_15637 -0.11141277549412 -0.120910019157261 -1.39513416727713 -0.355111622957726 -2.34485853359127 -0.447534463974873 1.50715550696251 1.06947492651349 1.59639135346182 0.378746981348548 0.200700220952295 0.189864439591664 -0.129897343697549 -0.0374745026804012
GS1_SS_19063_10227 0.843470204917572 -1.07574490198023 -0.248257229078642 1.4818178382988 -1.17031492174041 -1.25514979240763 1.57848786879189 -0.0410376269570679 0.810092550884567 -1.11246032141654 -1.04236724794723 0.490223366401599 -0.315012537144653 1.05625274937798
GS1_SS_19281_20818 0.224757523398996 -0.775377792880833 -0.799406250656757 1.73736863585057 -0.961105954214405 -1.5635899897599 0.855012153587152 -0.255811632119472 1.59162225261956 -1.12438129434752 -0.444888021175919 0.871123037571337 -0.208542534855361 0.853219866982554
GS1_SS_19619_05717 -0.301403944753722 -0.703455341137915 -0.898754245149591 0.920592100344329 -1.24939572200762 -1.44229052727078 1.84968703154001 -0.0646684566355 1.47175011037567 -0.944316640645515 -0.321350615592951 0.916392801220281 -0.0620438946829698 0.829257344396279
GS1_SS_19743_18002 1.04253614651312 -1.20286204535776 0.143660634296866 1.0129317471732 -1.1270604583382 -1.59977586715312 1.6543206086789 -0.4878203032362 1.39229780000497 -0.492595206355543 -0.622771002646622 0.317944598152872 -0.70269094360662 0.671884291874146
GS1_SS_19981_11992 0.888065355274186 -0.603395679551156 -0.260771036721785 1.16683164173392 -2.20169665676415 -1.54407839068842 1.36209084678722 0.168430800801028 0.519651760834003 -0.51086246508093 -0.728656301660818 0.542984621815214 0.266060403327677 0.93534509989401
GS1_SS_20203_10571 0.43255651743212 -0.192471142051669 0.562504128496889 0.136467833160381 -1.43235159214393 -1.35531329923081 0.91978738129018 0.832283508962449 1.17968260341972 -0.234624170249413 -2.37280018676256 0.179638348245656 0.686928239315057 0.657711830115931
GS1_SS_20282_12750 0.579103708594264 -0.99297838121842 0.0223905339322272 1.31268929812289 -1.34250568690112 -1.31298301854783 1.2201673642657 0.304437454807407 1.03586156326016 -0.640287932497868 -1.57288793815804 0.309182169364186 -0.240150338209529 1.31796120318597
GS1_SS_20308_03342 -0.0830058564835946 -1.58401788115535 0.188678163721186 1.49563017396095 -0.948429146930934 -0.772340777313737 1.28638285405168 0.177709554209813 1.31591372581307 -0.675310770097743 -1.41105134655293 0.512674013903284 -0.606967895449957 1.10413518832425
GS1_SS_20632_04953 -0.622899865476885 -0.728636709112872 -0.692109435856804 0.00440799049443527 -1.74755538415057 -1.30711336820503 1.70523318258094 0.669396612561489 1.92055184598513 0.369103976635286 -0.21821612756097 0.771096231258648 0.00575373214071149 -0.129012681293519
GS1_SS_20900_18918 0.752457146627203 -1.30965951954536 0.57906396045741 1.20221648393353 -1.7394886055678 -1.68634126881078 0.968368202202617 -0.129124301829947 0.896619297580633 -0.431399779635526 -0.890393466703382 0.852108403046625 0.178465909651335 0.757107538593443
GS1_SS_21111_05265 0.551778044216809 -0.978035679906612 -0.850332103623292 1.01108837023877 -1.57382920308137 -1.3799263464453 1.50701957475373 0.50041491463815 1.20231508575419 -0.709013072515647 -0.654081754776131 0.806058400522126 -0.389284633365129 0.955828403589697
GS1_SS_21231_17810 0.591228706927964 -0.89183268360053 0.189378536711859 1.57799294711306 -1.58931992180205 -1.41049606605038 1.24196946001598 0.119417810691646 1.09091789247234 -0.667640357035755 -1.29463686371691 0.358980296760861 -0.197525478399927 0.881565719911849
GS1_SS_21310_17132 0.357264281555496 -0.816368875101465 -0.26718382083413 1.23278520854057 -1.26206723820065 -1.72093663472124 1.57793684328889 1.12130181850943 1.25454093338842 -1.0044088968945 -0.629387239922651 0.332568593890369 -0.410654006317245 0.234609032818701
GS1_SS_21331_10483 0.832391786869118 -1.25803774179906 0.325017036108195 0.678072418231396 -2.21280579130428 -0.97521380665736 0.659090946074235 -0.0498670389957425 0.778674220664352 -0.421903893276106 -1.07581560909032 1.40696094906639 0.443651237090453 0.869785287018726
GS1_SS_21356_20703 -0.287180669854353 -1.30823323134457 -0.108010770057973 0.764093320517178 -1.61584420388654 -1.2850274913107 1.57629422170257 0.542829287636106 1.55254881329583 0.0743971399756913 -1.02382799883646 0.683143064585078 -0.303910389413653 0.738728906991787
GS1_SS_21443_14179 0.991518708443776 -0.831092057762514 0.0668871498846796 1.5681320695186 -1.66910347585793 -1.38822870086326 0.726532834954279 0.0576613361074825 1.03405996086085 -0.562005822594263 -1.2811067520058 0.502550578252325 -0.32623502606589 1.11042919712765
GS1_SS_21477_11609 0.213487324489552 -1.23244866325678 -0.160071152057859 0.490777407665213 -0.823280704467269 -1.34937328502491 1.73227949429444 -0.00862852643053007 1.47578207431302 -0.544135108040679 -0.748105130845055 0.934135926799058 -1.16559561230418 1.18517595486598
GS1_SS_21613_20193 -0.0399336971412092 -1.70928479630506 0.132542085588246 0.663016824594488 -1.36522688775148 -1.55378849477695 1.4390684811865 0.405107441715106 1.31127554372375 0.221907776121643 -0.847799539563114 1.04317847212356 -0.342883388049424 0.64282017853394
GS1_SS_21753_10214 0.280429616303944 -0.0320642833550309 -0.343205395569595 0.395191084504823 -1.37808779054412 -2.34375256127961 1.71077687419466 0.25202107997131 1.03663779772978 -0.561906032416064 -0.612748293868516 0.787499443384056 -0.119995467241755 0.929203928186124
GS1_SS_22105_08336 0.575217404597971 -0.864268356971168 -0.757421663973341 1.46616738794205 -0.977004237772023 -1.60546470760963 1.6882738993706 -0.316573891289397 1.45691294996586 -0.875205420033937 -0.478947212144361 0.723288412217005 -0.210568510834861 0.175593946535235
GS1_SS_22125_13327 -0.120967317258584 -1.12343518189504 -0.418703004575679 1.63995261935078 -1.15985544945676 -1.6169298073564 1.5051976293724 -0.0162590480186268 1.05176529822893 -0.709154638380428 -0.616282956098032 0.621095634311545 -0.148282517929877 1.11185873970578
GS1_SS_22263_08222 0.0890453097152443 -0.997199723444187 -0.627962281342562 0.433810037631064 -1.66841042245838 -1.6191787635115 1.80929106710343 0.147722577646123 1.20105109464921 -0.383235139484508 -0.590752306557127 0.913389366500267 0.415348165525982 0.87708101802694
GS1_SS_22291_14920 0.889201370956949 -0.768199290395813 -0.0284928282981816 1.39232512302097 -1.81277583693154 -1.34401605392268 1.04745185409302 0.235845395203056 1.05000712358687 -0.736817937629157 -1.15589535153096 0.469784723001652 -0.305607399268646 1.06718910811445
GS1_SS_22399_13011 0.98691998415824 -1.0555570064299 -0.0383614188765027 1.07424679135678 -1.73153118067047 -1.69110210326374 1.17920067630466 -0.235655316621358 1.09688707470455 -0.572025240645375 -0.684579792145719 1.05322367110528 0.032793757359347 0.585540103664197
GS1_SS_22444_14429 0.272577425389241 -0.783626850863482 -0.377349744650753 1.21247616499604 -0.762922141342501 -2.00678925669739 0.927258227717216 -0.275146650459173 1.36961012118206 -0.934316994392463 -0.848751613208815 1.06986719635663 -0.100054527851893 1.23716864382527
GS1_SS_22497_16253 0.709496859222831 -0.724703098284117 -0.419484343025202 0.507221060486725 -1.33842253090151 -2.09107666573353 1.38338486366546 0.30800838904354 1.26414169404817 -0.662346578392511 -0.584455627229662 0.83530387303923 -0.2860195109765 1.09895161503707
GS1_SS_22539_18174 0.783110578725299 -1.632733842557 -0.340691853553515 0.953240467547997 -2.01930675660412 -1.07092714302249 0.729236113931445 0.354950358521512 1.11486386192956 -0.438989122651073 -0.202697610397327 1.12148002427266 -0.335020857259425 0.983485781116476
GS1_SS_22544_11120 0.964966854950815 -0.865479889895268 0.411502548414062 0.894599754853233 -2.13750054550541 -1.49968593308245 1.03776973928254 0.158000559600977 0.828111866684107 -0.339034745511369 -0.948476982318058 0.41105147725959 -0.155493892756841 1.23966918802407
GS1_SS_22692_09465 0.535986475987179 -0.683653169688306 -0.180663096836737 1.25343727193599 -2.08312289450718 -1.71010901747213 1.18942844673594 0.389985817672742 0.830658536365709 -0.623116311362807 -0.607091848864881 0.53064498848787 0.12469193854041 1.0329228630062
GS1_SS_22776_09408 0.283881222135247 -0.382654265042289 -0.840252393837852 1.51394393685932 -0.665975659679542 -2.55381134422124 1.38932146774053 0.146017615672584 1.19284635627043 -0.235638696003715 -0.44443001242969 0.387473649590243 0.175226006872301 0.0340521160736698
GS1_SS_22786_08398 0.573550867569785 -0.917203937965387 -0.493605726799241 0.373021806137004 -1.28639503944047 -1.44417565754456 1.54860399767608 0.817994238967497 0.994817345463457 -1.23334810749168 -0.971611047656452 1.14249378605349 -0.0408608497271669 0.936718324757642
GS1_SS_22857_09774 0.368102140554068 -0.892043143532485 -0.850024961624232 0.0677721832003179 -2.3686821077368 -1.33423448647172 1.45697331171936 -0.131714137573625 1.11082352742756 0.62261227096977 0.202030278726211 0.875321622160833 0.414522227233661 0.458541274947069
GS1_SS_22994_11550 0.189407626434122 -0.742459836252238 0.308159967337699 0.986385183284884 -2.01598499947513 -1.5684961972007 0.220060609389921 0.392064117764155 0.63594551500372 0.308020127086988 -0.745116801015743 1.77368579478646 -0.702885045301093 0.961213938156947
GS1_SS_23177_13976 -0.0592244990323178 -0.82310643698744 0.36401661046918 1.13199443012916 -0.710401425408896 -2.2133169523097 1.29309911052005 0.481431886008305 1.45556908481256 -0.346618865322851 -1.17057373494915 0.419993660435507 -0.542538540204996 0.719675671840599
GS1_SS_23214_16731 0.629625634429425 -1.04643325645664 -0.195880186619416 0.721504561059702 -1.85871319379946 -1.69777876817318 1.25112512539346 0.0520173504543749 0.839835255102007 -0.213085539759098 -0.774892989218114 0.888876363711033 0.0245121940746106 1.3792874498013
GS1_SS_23410_16991 -0.0379935673033076 -1.25619566765855 0.0481999775331483 1.30496570831892 -1.05252351356352 -1.86401977643119 0.982091074068585 0.685393738620429 1.26767901929338 0.0405383291032411 -1.19809483373175 0.576215248494252 -0.521315889089953 1.02506015234631
GS1_SS_23497_10219 0.628817521456785 -0.700814905965505 -0.0686827956837029 1.4750125509022 -1.17706898450736 -1.93850084461953 0.994448480699327 0.0275736847455714 0.765300590722174 -0.866318585748377 -1.09661580683513 0.489461124417388 0.0462503152766247 1.42113765513954
GS1_SS_23502_12435 1.04812300471039 -0.959788948669141 0.669256706545029 0.00127650370001803 -1.84937019383729 -1.3164157157053 0.465923850506595 -0.337082077051438 1.04335739089699 -0.731039485625903 -0.780284161697712 0.91468581793517 0.108502814501536 1.72285449379105
GS1_SS_23503_17871 0.592457001245373 -0.99940808560433 0.283695244777166 0.925367050729186 -1.9653398062286 -1.87283142004941 0.587651370794506 0.187582635759826 1.24482133495057 0.0338024613320808 -0.840822280725718 0.86757934455751 -0.0202608812401733 0.975706029702018
GS1_SS_23576_04530 0.410196679433975 -0.478602818468362 -0.488958568405083 1.29982463733125 -1.62760779311405 -1.884223276546 1.15070183824246 -0.0657535876577375 0.941515689520692 -0.990867248671511 -0.383329919050525 1.06233277211577 0.0550634949373448 0.999708100331774
GS1_SS_23589_00797 0.732329291976591 -0.586021433428517 0.0271443737565433 1.4627309858168 -1.7190067380468 -1.86676819518952 1.01413781952124 0.30497130515064 1.01546501823809 -0.435605578852095 -0.966485065592407 0.360713651258373 -0.349337662256794 1.00573222764785
GS1_SS_23686_11650 0.143297584283977 -1.11284706793492 0.391721004337354 1.07612978909279 -1.58118630246178 -1.9465814057279 1.04083465837482 0.909835423210063 0.977710674590767 -0.22820629160641 -1.1298158807801 0.611184317134964 0.0987261692106481 0.74919732827573
GS1_SS_23908_03392 0.414257804667023 -1.18639943590376 -0.59638973211197 0.414946459526339 -2.20449189008076 -1.0579746107882 1.25143876607253 0.146240778338892 1.86973915597673 0.0922651272033661 -0.141468054506958 0.840293202767781 -0.12549870668824 0.283041135527209
GS1_SS_23924_10942 0.945348395693011 -0.946621056553851 0.0478043235853176 1.3072613279945 -1.27345627387843 -1.55018046980741 1.0049248322411 0.0689623103967892 0.66528346500432 -0.846399013762669 -1.40096098387387 0.497689937892399 0.034998173673111 1.44534503139568
GS1_SS_23960_16424 0.494222945749077 -1.10788144425314 0.392123503664394 0.93049417148201 -1.83310751163929 -1.94408516607916 0.847286739408951 0.263595894568913 1.05592472975591 -0.160700067987253 -0.474534551240475 0.812290065125122 -0.442015517613907 1.16638620905886
GS1_SS_24071_18792 -0.330970588497224 -0.547306256286049 0.351068680599667 1.31773312021303 -1.70429131503008 -1.44585234480767 1.59722374165223 -0.129011658124744 0.866406256321307 -1.12237575293989 -0.72615971581083 0.755157692980534 0.0928008620131653 1.02557727771657
GS1_SS_24077_16084 0.586467118987792 -0.706771386912642 0.438333559925678 1.00946016454069 -2.20613858302957 -1.80238741649351 1.00593714161909 -0.0300961915409176 0.934202711059773 -0.221192010653859 -0.660712394613625 0.763196452417679 -0.0452858592139976 0.934986693907416
GS1_SS_24094_21208 0.724812086369868 -1.0101308776505 0.218147326965688 1.21740282467949 -0.459964598499502 -1.69080171604198 1.02868299636606 0.522018236961882 0.899457893588733 -0.934642946325135 -1.68184552079999 0.307709279385619 -0.450368675025938 1.3095236900257
GS1_SS_24143_05054 -0.308482665582942 -1.37007805698609 0.755643346538692 1.12701193697591 -1.5092621965026 -1.2157101931587 1.49483765840725 -0.0794614905603313 1.31364521496395 -0.455258667254892 -1.07905667436068 0.778418933005029 -0.136400456726174 0.684153311241578
GS1_SS_24183_14531 0.46410657935244 -0.909448556819612 0.377659053299653 1.18162104559057 -1.61399589414982 -1.08570545716057 1.41935174223573 0.444896018007376 1.01689048205665 -1.06601463178188 -1.53379180053418 0.444896018007376 0.0222636684159756 0.837271733480302
GS1_SS_24321_03224 0.702675903320211 -0.794436744981114 0.406582532513986 1.09950155036154 -2.0907910260237 -1.67363733325241 1.0021488747813 -0.0105711602573067 0.889310566349689 -0.348531225743118 -0.930629607191814 0.547315156798376 0.0882947693474978 1.11276774397687
GS1_SS_24327_00827 0.916739114838 -0.76284349382886 0.0640205783398022 1.19156249493343 -1.79750085338675 -1.38430821049066 1.10490216079184 0.400607401000236 0.930623919755714 -0.562710788463197 -1.37569005571415 0.280910806882016 -0.202184646979119 1.19587157232169
GS1_SS_24552_11497 0.0817817210219658 -1.3646345230287 -0.695289734650198 1.50207889164475 -0.912368256028589 -1.23694127515906 1.53516305132007 0.0434737466610734 1.34130148409979 -0.148066125143389 -1.27176670639623 0.508973677531312 -0.31754989049764 0.933843938624846
GS1_SS_25309_09715 0.375857647815774 -0.989610191060273 0.634432552667116 0.88959495127567 -1.60153460596042 -2.14831117440732 0.726725335142551 -0.031006164676771 0.58875150318978 -0.120972238350304 -0.552964505903387 1.29366671320593 -0.306333372901806 1.24170354996346
GS1_SS_27665_16604 0.650413016375537 -1.18188061252753 0.46933363726377 0.515404718232472 -1.28203513637254 -2.11932695571677 0.892720194397884 -0.418035444002967 0.823813881992521 -0.311871648727262 -0.685781871081944 0.967435469186257 0.134817527621456 1.54499322335911
GS1_SS_29229_20763 0.360344329908768 -0.875611425434072 -0.210413891858105 1.34577357753582 -0.899970771734038 -1.50436362935355 1.12935015463997 -0.680924034621275 1.80204287169285 -1.351555576218 -0.11737992695093 0.983194076840182 -0.426837314753948 0.446351560306337
GS1_SS_29684_21318 0.537881064312199 -2.03012708666572 -0.411188951873068 0.794357226040714 -1.04534519986003 -1.15843279015805 1.43121891877165 0.332267263770351 1.34789122065732 -0.323532542168385 -0.93171652061322 0.821411673480431 -0.19691772815051 0.832233452456318
GS1_SS_32463_17208 0.0117101985071977 -1.17587529888129 -0.149833417972583 1.172505046628 -1.60292624541694 -1.07670991054716 1.82307797735226 0.438761145042855 1.06654203086774 -0.769217234624018 -1.13269037170352 0.49314216445189 0.0548951256849608 0.846618790610617
GS1_SS_32629_19279 0.96805510154541 -0.414584683815684 -0.977354399371874 1.43103758441724 -0.843505785113833 -1.79470140387502 1.49789881491371 -0.169847349545563 0.81288658548755 -0.867474905480495 -1.01002809502959 0.387750082142031 -0.0664016721736568 1.04627012589978
