V3 V4 V5 V6 V7 V8 V9 V10 V11 V12 V13 V14 V15 V16
GS1_SS_00592_12669 1.19253845719101 -0.114838709493728 0.692352078062775 0.249867351394022 -2.49562469864393 -1.34159164945426 -1.07126335984955 -0.615183175341031 0.284488342869712 0.538533700410507 0.817872933002035 1.01073873026387 0.574893645795935 0.277216353792627
GS1_SS_01100_02246 0.364111515850841 -0.592521168520075 -0.501704187415471 1.32685296576691 -1.80490750371472 -1.99224298043273 -0.00893043343981851 -0.379528876512417 1.37205783080104 -0.30459468582521 0.156820738351992 1.15580753050263 0.787245342611753 0.421533911975276
GS1_SS_02564_11077 0.228844775194086 -0.34003346160288 0.199845035000528 0.853950286033007 -2.17330037083898 -2.13302295390348 -0.0166863584447061 -0.202284695683478 1.07628162751695 -0.0825802125511799 0.16601200477471 1.29377967896864 0.214989343768275 0.914205301768511
GS1_SS_02649_18893 -1.01854039994582 0.668437733677397 -0.171755939061654 1.40476058524946 -0.606747956639136 -1.08919364886143 0.367106899682814 -0.822398544747245 2.13238359646998 -0.530294814155821 0.379233949869823 0.884879216362919 -0.0520672263463955 -1.54580345155489
GS1_SS_03023_14908 1.39602367752482 -0.0661699312823993 1.26826635715934 -0.350946906230018 -2.4625427901609 -1.00865709958554 -0.850806653180214 -0.0790933596430692 0.886932910317005 0.0709107195432777 0.823700421552299 0.402719742703477 0.644618628554445 -0.674955717272527
GS1_SS_03092_08416 0.222938871445559 -0.329828128954387 -0.692522643776944 0.629481623815625 -2.23239321466877 -1.93414905189988 0.360850356640815 0.047799746074895 1.49671642335635 0.0308780914497102 0.214173454349713 1.10963357380525 0.612559969190441 0.463860929171628
GS1_SS_04479_21426 -2.26256296111172 -0.535098334275375 0.397917319791313 0.959112379044296 -0.572049449287918 -1.02239116350327 -0.193300520409361 -1.03255272013172 0.0547338391123281 1.69120634523029 0.597915229796697 1.26442096683543 0.388679541038177 0.263969527870848
GS1_SS_04728_05453 0.377162174799516 0.538901398067504 0.638973639491036 0.180296189721397 -2.70306453859564 -1.65862882077438 -0.621686812139269 -0.350976567789182 0.578867847060365 0.386529311282218 0.775733832138485 1.00163794031298 0.655210009394386 0.201044397030582
GS1_SS_08023_08569 0.710206271475456 0.661001783238407 0.708738576076886 0.170828212501095 -2.09162424439408 -2.41451723207942 -0.590905699356575 -0.0970261977378739 0.564170579317772 0.773317173613952 0.694773454359496 0.732221702454001 0.168993593252882 0.00982202727799959
GS1_SS_08437_01981 0.829677530418224 0.122685945336553 0.842240686083825 -0.485056709986874 -2.11606839427347 -2.18036034339218 -0.140826244749418 0.0884513461477916 0.813973585836223 0.443360493701007 0.755868990882821 0.896576334337547 0.716609129427819 -0.587132349769878
GS1_SS_08606_20061 1.03521961671344 0.596272688626162 0.395098270614479 -0.0344114136072616 -2.67522845919999 -1.08931113643054 -0.944299828252781 -0.541260462190473 0.230982298026 0.510877140477038 0.917829510093349 1.21705919363475 0.487859472512314 -0.106686891016493
GS1_SS_09451_08780 0.635936879321924 0.792664762679587 0.324226689668658 -0.384278103005631 -1.85525095638698 -2.19688532424696 -0.237101019858944 -0.154560161638759 1.00924100245068 0.189567887738447 1.02993855904365 0.960115476561321 0.756381696603946 -0.869997388930937
GS1_SS_09919_12653 0.159596071274126 1.04709178859368 0.986908354049062 -0.321731443607112 -1.83681441789889 -1.31895695786382 -0.91306867837688 -0.914118389444519 -0.345524894473588 0.380245337691769 1.10587560838144 1.47117505991969 1.03764438898493 -0.538321827229885
GS1_SS_10495_17452 0.0333605550073 0.818241342401146 0.518133695230154 -0.488436583159878 -2.67439075829574 -1.45424200640063 -0.248427380244121 -0.309434817838876 0.677696987598328 0.662314023391054 0.954590343329252 1.00808110523182 0.723496267397256 -0.220982773647053
GS1_SS_11817_10641 0.214679322586288 0.296859966691287 0.471082932193886 0.226348974049198 -2.20471883986489 -1.5900076219595 -1.3944176889896 0.0900934661231092 0.434759087499476 1.34877221123528 1.29124576036178 0.194462884136458 0.725842928919384 -0.105003382982159
GS1_SS_12177_17986 0.65920463253462 0.173609911048982 1.17634929355181 -0.373027084747703 -2.43268944155755 -1.53968897916447 -0.916920607541644 0.0206887258760477 0.399123391874516 0.751110978126534 1.13245372550791 0.65112510454154 0.601043004876453 -0.302382654927052
GS1_SS_12821_12771 0.350519022709793 0.593246811311097 0.361000449944849 0.362352002404107 -2.76301652016693 -1.68729109341115 -0.550332065440045 -0.0690138937249599 0.639309925738844 0.762052955202003 1.04339652835351 0.518497685503195 0.344726655027262 0.0945515365484185
GS1_SS_16495_11414 -0.942859291982711 0.716830813680363 1.22572534085232 1.08275939098393 -2.07694873700607 -1.19987672994834 -0.820776008949036 -0.994262779575838 0.358291487718305 0.114124921650954 0.278551827589468 1.07151487807294 1.05994909336448 0.126975793549236
GS1_SS_17778_09272 -2.10435583901268 -0.429407761566363 0.360006577769366 1.23087149197054 -1.30529095763129 -0.884527324440115 -0.272296937062871 -0.940500468304996 0.517889445636511 1.21350051628834 0.914333712872596 1.1119768139679 0.688704039844854 -0.100903310331788
GS1_SS_20511_10943 0.0724951785738056 -0.179428152390232 -0.323798008722661 0.935818646097527 -1.80472662095789 -2.26803389629405 0.261003326226206 -0.477475377282825 1.37016921672518 -0.0859393629027567 0.159572126304397 1.2358514735987 0.20776435628356 0.896727094741038
GS1_SS_20910_09042 1.01365754107928 -0.0248476466288641 0.957333654349241 -0.327387381064501 -2.51865478384744 -1.18297404139223 -0.995227752292104 -0.201329158382986 -0.01277824232957 0.756445125012103 0.613221527327147 1.08607396687504 1.00829336139071 -0.171826170095822
GS1_SS_23119_08244 0.259261467473549 0.921424806263569 -0.154807910085474 -0.307432978723938 -2.25053436510293 -1.99360970513977 -0.522985467461632 1.0649062773959 0.507146829521897 0.387897630107334 0.887145007248187 1.14267900599368 0.119500015098463 -0.0605906125888364
GS1_SS_24783_20087 0.189140264328365 0.301470051168795 0.953805268003201 0.0713022056669543 -2.43643323116539 -1.25902660224065 -1.2655196535031 0.0122046174265315 -0.121660456101033 0.318784854535336 1.03193831819471 0.93021384841629 1.33602955231958 -0.0622490370495918
GS1_SS_25541_20422 0.659856466903169 -0.225929435563221 -0.35693366247502 0.694663029283501 -2.36584785340282 -2.13837189453923 0.508845318308188 -0.132198377814611 0.98928550612489 0.215867245988704 0.34385673127701 0.98818923644362 0.376744821715118 0.4419728677507
