V3 V4 V5 V6 V7 V8 V9 V10 V11 V12 V13 V14 V15 V16
GS1_SS_00090_17329 -0.144223800531401 -0.774187537752497 -0.997201119814064 -0.707680519956688 -1.25528805454407 0.911980435816862 1.6663883988738 1.86491681020457 1.29911083791187 0.192149504400037 0.0425914345308553 -0.603783984693584 -0.831760777038421 -0.663011627407264
GS1_SS_00273_10095 -0.136824077425561 -1.32298357941485 -1.66237745762379 -0.522387310991437 0.00610445883898657 -0.0381002430985023 1.6023853621372 1.69570639956079 1.60729699568581 0.160820915620198 -0.485795641054293 0.311608065562521 -0.793509482874702 -0.421944404922365
GS1_SS_00283_19610 0.0369042527707772 -0.823226956928093 -0.74138512911758 -0.367024768358526 -1.72454308642838 0.160511813354267 1.57025049768515 1.89233769100394 1.15576124070933 0.466283442290188 0.269335043752633 0.0163117928700676 -0.69386406780825 -1.21765176579553
GS1_SS_00476_17167 -0.491499824948066 -1.26852680562265 -1.5972968421802 -0.096830948463774 -0.435980655779022 1.07027854254635 1.70512817260977 0.965516284201284 1.64960900344072 0.312321189542878 0.227835497329115 -0.359219369710518 -0.832580633799629 -0.848753609166264
GS1_SS_00620_20145 -0.431321158705461 -0.739658843030231 -1.24180878607343 -1.40809089440571 -0.589894824929628 1.22599389454018 2.06291046627884 1.38456756076435 0.875810381628475 0.405077846205941 -0.219889603739904 -0.129590710473364 -0.52932849408012 -0.66477683397993
GS1_SS_00654_12804 -1.27942893467019 -1.05837074418634 -1.40186116324586 -0.445869511784159 -0.355915832733423 0.910747598739045 1.68785216067074 1.27804428446606 1.65724410352682 0.431901549198641 -0.0381021727224089 -0.369009279400543 -0.670668687030045 -0.346563370828337
GS1_SS_00689_17735 -1.0734209048205 -1.68385293071822 -1.30632888477649 -0.791800144742998 -0.106167764532692 1.0151395428894 1.1856342733147 1.02396873428643 1.581425611802 0.574897792541222 0.104819464368614 0.692417374584374 -0.362518769922158 -0.854213394273688
GS1_SS_00807_20656 -0.750952820128533 -0.231374702934791 -1.59034639706019 -1.56431868924835 -0.735889284232434 1.07489088287164 1.88435259581969 0.848449824908685 1.24146821286738 0.400773250545135 0.205565441956377 0.296662419297797 -0.429835975000027 -0.649444759662379
GS1_SS_00904_10764 -1.61685068525118 -0.567553127716925 -0.710370905514051 -1.42918104335248 -0.86617211765637 0.301156661197823 0.440433502355351 1.22876402955122 1.64907320867152 1.32448735004169 0.763839048771983 0.166601068893093 0.229157616192661 -0.913384606184345
GS1_SS_01119_16539 -0.684831219920424 -0.579377205201206 -1.33333396380469 -0.720859150136216 0.518028289619986 0.306857282588733 0.904605351059514 1.1228767530968 2.45880292460211 0.383909717283823 0.111727908719257 -0.71533662068708 -1.17554740811509 -0.59752265910551
GS1_SS_01587_21894 -0.491987763134104 -0.959292988776072 -0.63013950642905 -1.23281489664191 -1.72700871661645 -0.230065038547596 0.483604614684307 1.50889453237258 1.11298316064813 1.18344982165764 0.763431434324677 0.798664764829428 0.530706014411712 -1.1104254327833
GS1_SS_01714_12885 -0.850549794480333 -1.17680219941242 -1.09251206439957 -0.217877957560357 -0.342825687108816 0.832277959835027 1.94391609335743 1.52841531017644 1.6236135803086 -0.22809193862662 -0.433065714004926 -0.443696187503017 -0.568921578672695 -0.573879821908745
GS1_SS_01751_10166 -0.919336447250799 -0.872211990159596 -1.32578488966242 -0.534486714339308 -0.167505004741564 -0.269411643201291 1.6587640594471 1.39761602640002 2.03575971617672 0.226376915779074 0.334017029851564 -0.0102271291996742 -0.651905153258222 -0.901664775841598
GS1_SS_01917_10349 -1.64236403719468 -1.68320959044041 -1.01039256058705 -0.00400351256019703 -0.457842993068363 0.989904949752686 1.56628108999806 0.51995416768648 1.58443466921838 0.499077551583105 -0.36707509696673 0.631371760151235 -0.465558264237002 -0.160578133335514
GS1_SS_01988_14366 -0.665261938745264 -1.46588579565493 -0.742216239994638 -0.443956978881441 -0.978173597940258 0.049597482821193 1.48328906546592 1.48328906546592 1.52301646058403 0.541516110607199 1.00889722964378 -0.079867087151941 -0.545144991152861 -1.1690987850667
GS1_SS_02224_08570 -0.484014835292167 -0.953154859367586 -1.85184752513422 0.213786636286005 -1.01549021521136 0.00961618878063907 1.43981377728914 1.12370557466906 2.05725877119193 -0.202767163428314 0.134021015064114 0.391043572334652 -0.746650528870912 -0.115320408310982
GS1_SS_02242_12914 -0.722875749128782 -1.02984555041258 -1.68382469227807 -0.462809408165363 -0.890660485234214 0.47316248904096 1.42591285985783 1.16279588732885 1.60704410906255 0.859830039974841 0.530743159840778 0.164838969999944 -0.326293645606853 -1.10801798427989
GS1_SS_02260_13046 -0.263173243359229 -1.16034724733019 -0.374317995397557 -1.2096764021877 -1.72609099210226 0.303187115848558 1.9134757147284 1.2583228767771 1.22440908281256 0.545824896303935 0.0127617166249674 0.37348116152051 -0.0458166547683257 -0.852040029470756
GS1_SS_02372_11899 -0.430315798102137 -1.54795906690719 -1.46535065138682 -0.350137041861774 -0.479070960987691 1.25586774222549 1.21213387518529 1.60735845140041 1.45186025747971 0.192162909436679 0.079912650700171 -0.113488227988704 -0.958361748291192 -0.454612390902247
GS1_SS_02533_10751 -1.73689242423516 -1.07885679327349 -0.526491117648722 -1.26257842016607 -0.353816804268632 1.42480067124311 1.01412879936557 1.26269335339671 1.31552833106517 0.473771073210908 0.359575473750223 -0.330761541286033 0.35925125911453 -0.92035186026812
GS1_SS_02636_01701 -0.661400657454179 -1.15361265909842 -1.76457510869181 -0.355058922165103 0.373105056491121 0.346085027030231 1.98552961712222 1.55527437092969 1.09059870504177 0.281718842199829 -0.540929188520273 -0.0309906707328957 -0.859318070702739 -0.266426341449444
GS1_SS_02688_14054 -1.38629185888834 -1.59404315941787 -1.63316515756954 -0.835885815926968 -0.255666112305191 0.731692178977715 0.896274378098517 1.1417986423607 0.981533353380768 1.2537684991396 0.712400986785687 0.385732302219277 0.111271249669055 -0.509419486523411
GS1_SS_02841_08679 -1.08964438973641 -1.76621031080174 -0.647805420877415 -1.24046442237578 0.0144219759581206 1.11742622874674 1.18009089019549 0.906065760470441 1.55501674598209 0.519775296590595 0.625667953309926 0.290146486332627 -0.86660067949509 -0.597886114299596
GS1_SS_02876_19320 -0.312528441938673 -0.498829811722776 -2.07765497938467 -0.371576503209228 -0.84301369827307 -0.174854887318555 1.8599349887641 1.21577432035804 1.69889482166258 0.333211051635043 0.129542605006659 0.0169723705523654 -0.366366380155943 -0.609505455975875
GS1_SS_03000_19495 -0.482267714346095 -0.890172695438226 -1.41870327405177 -0.609242027526525 -0.529200594855412 0.135144883493746 2.2318082298856 1.48583413995057 1.57630333809163 -0.523534366129735 -0.256888308450832 -0.0492853064008289 -0.49702847825332 -0.172767825968797
GS1_SS_03193_11496 -0.570123570030559 -1.93035408116456 -1.58106341148542 -0.294697235516541 -0.208313521509872 0.360379262367367 1.35786077156757 1.35473092685718 1.25457589612481 0.969760027479632 0.165389936910284 0.346920930112705 -0.83303052570303 -0.392035406009563
GS1_SS_03605_10043 -0.519947789666975 -0.950213557817301 -1.70997653131695 -0.178454326841345 -0.950213557817301 -0.557396106755524 1.49302421485788 1.3390722439119 1.93688574148136 0.611699165598288 0.257809570047137 0.111655166460757 -0.301016090724314 -0.582928141417604
GS1_SS_03682_02989 -0.586800644896014 -0.832594652796222 -1.06513235465237 -0.947482638511375 -1.04303851124561 0.992909158687346 1.70764499289604 1.79049690567139 1.13044333389443 0.35428661501494 0.145886437080674 -0.0924508986697524 -0.56084037889307 -0.993327363580403
GS1_SS_03854_20687 -0.341248976367779 -1.33953650216478 -1.18613259831705 -0.667813347437578 -0.775893370603028 1.23462749043168 1.74248738423062 1.57629982172891 1.13933112592021 0.383933114548788 -0.219223143761626 -0.0740705104996397 -0.684083458451732 -0.788677029257006
GS1_SS_04019_09544 -0.0180685073202207 -1.31522405734238 -1.11417871731771 -1.02329520744355 -1.53141664901274 -0.0982112387547106 0.99128926143375 1.26531681393312 1.65363726521364 1.08079574843103 0.737917052087597 0.238746259218136 -0.148610276048565 -0.718697747077411
GS1_SS_04186_14300 -0.136418967505808 -0.863757341235598 -1.29517481138802 -0.81396604721205 -1.89556144706551 -0.392185601709349 1.55128103598398 1.17222473309503 1.49345888808566 0.336052227654415 0.576014141432417 0.687161159059176 0.0479051906278174 -0.467033159822167
GS1_SS_04209_16761 -0.683178627024672 -0.791659457706961 -0.970713319502263 -1.26066765876087 -1.00374149806315 -0.119804201511075 0.587942481936572 0.447602968637552 2.32766851748822 1.32754784800095 0.723845976137061 0.577457345885496 -0.797708574659505 -0.364591800857355
GS1_SS_04318_14474 -0.457681225247948 -1.08787046706667 -1.06842342624324 -0.00777130781940162 -1.18694525612658 0.270006018536891 1.5821556784205 1.18795890497259 2.10512339786139 0.0965594382198115 0.195108631581789 -0.210125651522661 -0.18910182360544 -1.22899291196102
GS1_SS_04561_05318 0.210827003598691 -0.392371898340261 -0.906951141782292 -1.20783996341476 -1.06496166495133 -0.443370003701697 -0.183405071535492 0.530610205250318 1.63542981566241 1.72739361221582 1.26757462944877 0.554855206159853 -0.228091116315308 -1.49969961229472
GS1_SS_04643_05813 -0.938131178974592 -1.9246029031824 -0.847612237989232 -0.747856670372712 -0.35049699270024 0.786347013062842 1.65274259106558 1.54744504747037 1.114247258469 0.482461996897703 0.441820839720602 -0.389752655882667 -0.181281992817402 -0.645330114766844
GS1_SS_04673_03058 0.349114561312301 -0.561572384576951 -1.12037046733368 -1.14184893303862 -0.686147485665575 0.952301473192564 1.76132368141179 1.65214148074504 1.13844817596867 0.203060994518741 0.038929719090195 -0.635315116830562 -0.700824437230614 -1.24924126156329
GS1_SS_04730_08351 -0.262496991172336 -1.64135557449195 -1.48854089773871 -0.602215772569921 -0.265318185204703 0.419644215903853 1.81460711515823 1.34323261225016 1.64886196575664 0.0290263921723048 -0.190791642849662 0.063115820063412 -0.732695996566917 -0.135073060710404
GS1_SS_05005_04763 -0.111693042309854 -1.03592236339783 -1.43625000987131 -0.67340878167789 -1.60948719662597 -0.337341003645714 1.52107774641264 1.27173159735658 1.04196221206938 1.10378357133948 0.801545814907882 -0.091257648551127 0.373089449966503 -0.817830345972759
GS1_SS_05137_09378 -0.190132303098088 -1.38239788513985 -1.18858260464516 0.235002432601363 -1.38764322426014 -0.136629844071137 1.85397635207867 1.44011909548784 1.64940812638738 -0.335952730642131 0.04459662253486 0.00483695200306679 -0.537898286773271 -0.0687027024633897
GS1_SS_05458_04068 -0.26077046077012 -1.60530752722533 -0.721102649543569 -0.780628363609101 -1.33049714728946 1.27796924782389 1.56319662772123 1.20381012905058 1.39950091404102 0.456266369910938 -0.044245675856746 0.0707133594323131 -0.631814078445271 -0.597090745240377
GS1_SS_05796_21308 -1.38046153788349 -1.68815568247079 -1.50193662204868 -0.458981677791307 -0.33430144628666 0.958975505181846 1.32147766927376 1.25416957514529 0.991347493310302 0.988142345970851 0.431792870788935 0.124996167456678 -0.263788204818736 -0.443276455827996
GS1_SS_05815_18476 -0.732943972863742 -1.20004862755774 -1.61974564565592 -0.923968861499793 -0.463835918069888 1.43944125702654 1.5454112682407 1.15081241069323 1.39482230493636 0.396473251918752 -0.192218047220963 0.0884351614262229 -0.375852921917079 -0.506781659456679
GS1_SS_05999_13123 -1.41923461030294 -1.39133446952147 -1.07247571773329 -1.09838299131608 0.38132090370098 1.36679373344635 0.946298754525675 0.824733855406429 1.295050514294 0.575625455571907 0.659325877916306 0.314559852545329 -0.140411728912441 -1.24186942962076
GS1_SS_06034_14555 -0.034901937814635 -0.814979122348903 -1.67462870296252 -0.220978570525711 -0.228109623422614 -0.427502170442792 2.1156759177081 0.88101141937713 1.95966971193768 0.112519311070192 0.114827095179221 -0.397270198614501 -0.619279029903172 -0.76605409923747
GS1_SS_06181_18475 -0.24626328873649 -0.398702748835513 -0.8967803430628 -1.45654021437115 -1.9293470959617 0.0262799884102465 1.25530615245281 1.4020393226016 1.11672482509006 1.04607552094435 0.659134716700127 0.302084002671401 -0.030239454906325 -0.849771382996613
GS1_SS_06773_13622 -0.648360532683675 -1.0920610380006 -0.467508206716498 -1.38490337150976 -1.55173476150893 0.160771708812263 0.611748902416381 1.19033436134965 1.17258634113697 1.67840491719826 0.906366037946817 -0.338480099770337 0.540756821565674 -0.777921080236216
GS1_SS_06985_18734 -1.6491551670587 -1.1861278625117 -1.52369869718646 -0.839496282790612 0.0486890585456562 0.371623305068652 1.75443239521604 0.853004426504369 1.05536106587238 0.862297498346758 0.323531658284292 0.654132689077258 -0.00985729406139052 -0.714736793306548
GS1_SS_07117_15067 -0.852948579806067 -1.34712806288056 -1.58611650141658 -0.515974881470274 -0.289367934354451 0.20157102751955 2.04056680879675 1.31414997302059 1.52478385105234 0.119207780340469 -0.118430441028685 0.223174502189473 -0.394954916803699 -0.318532625158847
GS1_SS_07198_13237 -0.0491111482231611 -1.18929604329262 -1.21007074529813 -0.813620182026185 -1.25767943739411 -0.0198534428987247 -0.138442366846884 1.29760890928448 1.03100023354701 1.78581440641412 1.38503578022436 0.322063527608742 -0.222493348710871 -0.920956142388023
GS1_SS_07357_08803 -0.481498723330449 -1.46583261143842 -1.46908768381973 -1.33237464380474 0.451197347534908 0.897349937392228 1.54510934127281 0.41126997869129 1.59068035461114 -0.215233802539337 0.414622703244039 0.806858925191826 -0.408552551265305 -0.744508571740251
GS1_SS_07427_09621 -0.557702760933571 -1.24652672430223 -1.19959028480934 -0.956028220413789 -0.525988950465401 0.357684664419693 2.07961771759946 1.67621804844434 1.2296875970525 0.42238083777476 -0.166887131772217 -0.234678573028977 -0.643964325406994 -0.234221894158236
GS1_SS_07585_15536 -0.199757332191288 -1.12092115043794 -1.33433315550771 -0.810503688518256 -0.677282861111061 0.154247915006278 1.94315787992756 1.75820080886709 1.50986683933134 0.109754745464458 -0.343584089547406 -0.302195094624782 -0.643136940299896 -0.0435138763583835
GS1_SS_07647_21820 -0.346258610907789 -0.412194053435583 -1.16869596504145 -0.799418471831054 -1.33490009827719 -0.414144806173091 1.93065998431233 1.73168320508645 1.52100190943551 -0.00370643020126645 -0.016191247721322 0.319533298403921 -0.277397039273733 -0.729971674375745
GS1_SS_07715_10131 -0.15393489140405 -0.501467965570551 -1.07205720424612 -0.255944744684511 -1.32043925715618 0.00925396719034273 1.91508592767082 1.34668285466067 1.74019267443693 0.11065842074807 0.537801558453921 -0.854617803831294 -0.52887911968317 -0.972334416584875
GS1_SS_07804_03675 -0.264909680759709 -1.58324384313353 -1.7476353095348 -0.134677480104158 0.231573897313218 0.391588707790818 1.95864502387565 1.23062567267003 1.39715209318041 0.242675658680576 -0.344863712145782 -0.491001320914183 -0.5648707330893 -0.321058973829234
GS1_SS_08114_14511 -0.0992513577954336 -0.515592481619169 -1.06135799974017 -1.01067977305751 -1.13932450232889 -1.44339386242487 1.05504271303049 1.35170525538054 1.21838253595384 1.5481808419041 0.803600742181881 -0.125214203157476 0.229767283128942 -0.811865191456285
GS1_SS_08128_18330 -0.360970745435481 -0.653969434697454 -1.16098455785513 -1.08539938874117 -0.591972610592747 1.40126774795175 1.56942351744123 1.49129053363804 1.08194164023435 0.546051283932019 0.220780275273075 -0.513414991008015 -0.622546386863561 -1.32149688327691
GS1_SS_08241_18814 -1.43934583718327 -0.563701979983092 -0.792614408130487 -1.40346614625108 -0.765704639931342 0.478199395074142 0.643245973362232 0.849105700085692 1.56557827838793 1.43775687944199 0.987018262106311 0.2896067696118 -0.0683379970504957 -1.21734024954033
GS1_SS_08319_14524 -0.716536008967643 -1.08693312986979 -1.39813436386976 -0.648883566793736 -0.706388142641557 0.0771962688377266 1.98279643377127 1.39252887580392 1.69865617664086 0.301633245749665 -0.153498558975298 0.247511292010539 -0.459456728706795 -0.530491792989398
GS1_SS_08545_21573 -0.274119622696093 -1.13469417264987 -1.16256703256741 -0.821124498577646 -1.43548878592657 -0.0279093600912329 1.40173607984548 1.20081921460661 1.9092544041772 0.627846124235221 0.564388913156308 0.199602858985617 -0.21036045563474 -0.837383666862873
GS1_SS_08578_09320 0.12781362995919 -1.4861979999404 -1.69688551014516 0.558052055970415 -0.903102152732349 -0.187200523229712 1.96762415010581 1.12923316122206 1.41111851970291 -0.0985664672125395 -0.18255086783209 0.295201224273587 -0.586780283962866 -0.347758936178852
GS1_SS_08780_09807 -0.29073835075694 -0.489143507864106 -0.7895068707069 -1.36818857893613 -1.62170627968418 0.712034380788863 1.67677945722246 1.54726497966639 1.14246334662413 0.662708654230276 0.273889658843871 -0.124849594397893 -0.423008455495051 -0.90799883953479
GS1_SS_08841_08525 -0.0785006686512541 -0.502304016519577 -1.47228280420971 -1.0628761730418 -1.85469559156435 -0.345739722402617 0.978308316638226 1.51053693715651 1.13262312377075 1.01789928756435 0.826692893887032 0.476132842232046 0.0195769638702898 -0.645371388729903
GS1_SS_08866_07353 -1.21214187355598 -0.818929824209099 -1.26242168258165 -0.850606103895267 -0.964813098682129 0.490667658779788 1.78549245502161 1.27790581152445 1.47184221776629 0.719560503677566 0.241662890271745 0.194495640852433 -0.224502767694755 -0.848211827274997
GS1_SS_08882_01694 -0.453800921907092 -0.601691616587718 -1.54945454408368 -0.156441430620893 0.337279028754978 0.0692271446463429 1.9719671798666 0.969872457526072 1.86826333908445 0.384847529635485 -0.351224296785621 -0.59380110696299 -1.22030757116644 -0.674735191399491
GS1_SS_08951_16006 -1.06049275308345 -1.5623114430685 -0.0165081417577638 -1.10588338835848 0.0654471719332622 1.55199047719049 1.14725731265481 0.504223312925217 1.14599646167494 0.663090536387821 1.02003744878674 -0.160245153462025 -1.046371222109 -1.14623061971406
GS1_SS_09023_16505 -1.2629387311273 -1.17352828904842 -0.997738267334009 -1.09624129674295 -0.987130248782277 0.833963450305741 0.79304680732049 1.18448269187939 1.1905444167661 1.46938376155448 0.883821137498881 0.153080202406726 -0.136973333422056 -0.853772301274791
GS1_SS_09092_02470 -0.610055038777842 -0.902945164367832 -1.31204653333708 -1.10135460428363 -0.535415297095232 0.42828769678151 1.90313120015562 1.63575085969766 1.50536751346728 -0.0119922984602169 0.239042883376107 -0.0507293795866349 -0.393694268583946 -0.793347568985771
GS1_SS_09119_19261 -0.288095301097017 -0.800319462218803 -1.25524666901521 -0.895814386094433 -1.45154179031512 0.0763769916949737 1.60429577370506 1.52604298886253 1.63612741499694 0.474670403359583 0.360209126547543 0.123196030761776 -0.223370963803534 -0.886530157384303
GS1_SS_09181_12593 -1.04084257335272 -1.36136428384448 -0.384922617283069 -1.38570770489449 -0.571555511999794 0.628034180853355 1.4313670755036 1.24135315008549 1.13789361062296 0.770037470311732 0.761922996628396 0.403763652368758 -1.41681318734728 -0.213166257652461
GS1_SS_09183_14485 -0.686622142343414 -0.580544185672932 -1.80509322934272 -0.303252684902722 -0.911619071491859 0.0410354200804236 1.77178102891462 1.40329970574347 1.63406578692136 -0.324468276236819 0.163862527804141 0.699835361507632 -0.56565605140339 -0.536624189577784
GS1_SS_09331_09763 -0.618607568641313 -0.11230222272694 -1.60115134703294 -0.305052614225625 -0.463440818939029 -0.341830892269246 1.87050333661747 1.95372425773808 1.08607904140973 0.0138714318752635 0.331614277805408 -0.300220431708945 -0.13377858946774 -1.37940786043417
GS1_SS_09355_11079 -1.00510770353633 -1.43001754227617 -1.54431291029164 -0.541875300226594 -0.514309946764041 0.833030744430022 1.22029034429418 1.21222243596368 1.65595739414137 0.718735376414558 0.656746947408523 -0.13726969745185 -0.496829478714617 -0.627260663391088
GS1_SS_09405_11698 0.139408570836718 0.294322447974565 -1.33919079988276 -1.41908349123687 -0.857886049529949 -0.521752165174243 0.771145413202629 1.22906693681765 2.06112008823728 0.509448133962217 0.837397888959696 -0.222641723153369 -0.185033700150093 -1.29632155086348
GS1_SS_09512_06462 -0.34338162623532 -1.03561533387222 -1.16725687698447 -0.965889940274625 -0.229589783884049 1.01988926938481 1.64183978027533 1.89564021297057 1.07845860000678 0.272711951593006 -0.189232726069763 -0.218433720908435 -0.516300602357349 -1.24283920364426
GS1_SS_09535_04533 -1.13629517406107 -1.27070765892382 -1.25577293838352 -0.844238416828425 0.319010371922054 1.09395642662458 1.62164988571539 1.45073030619856 1.30304251418887 0.294285112360882 0.0717577763103261 -0.325671731401143 -0.626855262297309 -0.694891211425368
GS1_SS_09620_01141 -0.58881072978392 -0.742685384701042 -1.62603988515119 -0.929158670215421 -1.27566159684361 -0.0517311935102324 1.97348722765082 1.34431086087859 1.47652908288145 0.220000048950819 0.160957773952989 0.0239523404638187 -0.053554893124065 0.0684050185509872
GS1_SS_09721_18535 -1.23790980453246 -1.35938564478352 -0.889863116782837 -0.268127679861509 -0.492489875719146 1.15295559677247 2.17629752373593 0.845400855773196 1.32964772804673 -0.308435572308451 0.276120895323916 -0.0840733764508139 -0.308619626611862 -0.831517902601647
GS1_SS_09817_18375 -0.659045312934979 -0.296957677689289 -1.58034600647079 -0.534660573370913 -1.42120670732264 -0.398386116054399 1.90181697220757 0.813450501021984 1.90486561778512 0.136956047363495 0.618337184058742 -0.0212686581113837 -0.00876921124342604 -0.454786059239086
GS1_SS_09918_08397 -0.639938427098242 -0.941350990903146 -1.30744299493257 -0.57302866134874 -1.20309562215656 -0.34521683986829 1.96954243713237 0.853901747742443 2.00299732000712 -0.130149735673459 0.330253176269549 0.478410514714876 -0.212990398029986 -0.281891525855367
GS1_SS_09951_15798 -0.932526266746002 -1.67645367037698 -1.19640228986204 -0.994435641400149 -0.438266177294041 0.644640425262924 0.992753794219849 1.56617669060662 1.06481224668615 0.911561171722607 1.11048309684085 -0.278925655643204 -0.0134257800772225 -0.759991943939363
GS1_SS_10149_21432 -1.01159661676681 -1.11162913566326 -1.13886311986543 -0.543119715442884 -1.15300384243195 0.422377397570719 1.73275102206762 1.07992099691359 1.92653129427539 0.449611381772893 0.107877253082154 0.209742828607593 -0.358504726380071 -0.612095017739543
GS1_SS_10191_18635 -0.720806165169162 -1.0577497980187 -1.60879303090805 -0.964739316034193 0.0800842813076316 1.0183143564657 1.50091591393249 1.35876781882409 1.39913085817586 0.527464699653117 0.188064186147382 -0.110569657613066 -0.559354007762091 -1.050730139001
GS1_SS_10360_13757 -0.289321085119672 -0.641727826598027 -0.561587623805415 -1.38157991561686 -1.06364598956064 -0.238804063692156 0.725868977487699 0.934403241940487 1.72974322729531 0.825286475657051 0.590887496233375 0.655549283660596 0.664036143260419 -1.94910834114215
GS1_SS_10748_16986 -1.05316197652711 -1.13993295226587 -2.1713286134648 -0.208832067002726 0.351288511797232 0.625125239210545 1.68520529760602 0.965346627814964 1.42381569416604 0.0964129032366287 0.206072065441687 0.137612883588359 -0.577474388679588 -0.340149224921383
GS1_SS_10820_07188 -0.516472106794727 -1.55502939083449 -1.39197944180435 -0.301139837151671 -0.395726530409695 0.118004868779052 2.33158515506858 1.08035402446777 1.44367184567622 -0.0918333264945105 -0.411021324541543 0.201302125348794 -0.455682832319362 -0.0560332289900682
GS1_SS_10896_02792 -0.891571091068585 -0.819783802192601 -1.27008588696014 -0.964663603378677 -0.5822331371848 0.869175321544184 1.58574298686991 1.03885436797833 1.69016086159862 0.651072485704603 0.627708986234056 -0.264789745775199 -0.54960255133208 -1.11998519203762
GS1_SS_11026_13436 -0.379922668983069 -1.34661687596239 -1.24165550712641 -0.130744379366468 -0.924672173241773 0.185819109042829 1.99430349408666 1.29106232288563 1.75919002789408 0.0231289873470699 -0.238224821054505 0.212059451251823 -0.720942156331148 -0.482784810442324
GS1_SS_11067_12686 -1.21261362833064 -1.16106788429958 -1.19650558332094 -0.402915899176104 -0.48399305905829 1.03714332469158 2.03047276695676 1.40762835991481 1.09191067772458 0.460475313344119 -0.145187179020814 -0.258050881055485 -0.590843090956004 -0.576453237414
GS1_SS_11312_02903 -1.16714507184079 -1.10338303432753 -1.1134719643138 -0.00974302381531703 -1.49806197539061 0.128273538396925 1.67712606988987 0.648862325688717 1.92975287674619 0.527795165853416 0.608506605743617 -0.207486051546308 0.0907427188479822 -0.511768179932362
GS1_SS_11336_11623 -0.355654409243047 -0.309209342117622 -1.41965115446907 -1.0261207516885 0.405774886244728 0.215080305661293 1.25566179920375 1.41658143011549 1.68156884628752 0.672689483625282 0.24678243654151 -0.144435348788832 -1.50791605381946 -1.13115212755305
GS1_SS_11561_01080 -0.719650413183332 -1.35455148780021 -1.91374620121616 -0.664591241400839 0.159403676306539 0.69623060118585 1.90082204383971 1.04189896403282 1.27108276657745 0.538967841782104 -0.106084767632171 0.00399916395045166 -0.264896066242301 -0.58888488019991
GS1_SS_11606_14655 -0.131357951828588 -1.00669642578211 -0.903179576922892 -0.962529236935509 -1.87071705759368 -0.139225232341888 1.42663963473516 1.75099242782737 1.42525941008371 0.397544134609426 -0.0819459093064564 0.529355588823492 -0.351779828666142 -0.0823599767018932
GS1_SS_11655_20223 -0.528045216233035 -0.791140845928989 -0.975982390894864 -0.210812601195798 -0.722499870745493 0.749638233134643 2.4452727014206 0.913921215754405 1.61719607205705 -0.563461935615182 -0.275237300262371 -0.152459339737593 -0.624176311698864 -0.882212410054511
GS1_SS_11680_09616 -0.63952804228204 -0.832659851511019 -1.13968990720837 -0.857420339873709 -0.986174879359695 0.841149161806798 1.64685545312872 1.84147289165946 1.25019242955843 0.563336482377421 0.149341116953251 -0.458776477234406 -0.594959163229199 -0.78313887478564
GS1_SS_11946_09704 0.0800621059904637 -0.374866747899431 -1.02304896107665 -1.87963141845831 -1.4774555085901 -0.149230393272067 0.554838602185544 1.20824387912729 1.13407637367107 1.20145389623341 1.24741685736121 0.467091130941569 -0.102222819391366 -0.88672699682262
GS1_SS_12086_19946 -1.44966659562011 -1.7362266930261 -0.978561795484669 -0.604887428467264 -0.0373551555547089 1.29987753899032 1.53485681886323 0.996123835739979 0.97606462892156 0.841381383140747 0.350503936284293 -0.116159182341355 -0.26817931401523 -0.807771977430702
GS1_SS_12089_10778 -1.80231585208029 -0.851985546890417 -0.856323716614536 -1.08109513544546 -0.81863586713625 0.666373856551315 0.617840582762732 0.78513125274908 1.07714430230386 1.47029093355216 1.21000075010501 0.532975137534649 0.0205288388730642 -0.969929536264909
GS1_SS_12127_02464 -0.90023913827986 -0.166137716812664 -0.726265288396835 -1.26456084744666 -1.2522803403961 -0.133389698011153 0.278416638417843 1.47467447522136 0.793242783993258 1.85332344261382 1.24134484126059 -0.154539460153795 0.193681139768934 -1.23727083177874
GS1_SS_12194_21561 -0.853054276435329 -1.15904266916187 -1.55057620394099 -0.787250321010267 -0.0522201389123175 -0.0676840684372073 1.79884512719469 1.61459405200452 1.26385896958893 0.93352311335512 -0.301617129973305 -0.458230543884954 -0.516467044436134 0.135321134049111
GS1_SS_12224_20945 -0.951258046586108 0.0499943753627879 -1.60536716491338 -0.885112180687845 -0.193030435641202 0.788133241849703 2.02530591883574 1.63578026410152 0.928754453055641 0.133044184768385 0.0970314355571084 -0.762619836431802 -0.507835760379232 -0.752820448891318
GS1_SS_12235_09383 -0.287249157166607 -0.811808844934143 -1.62348161731634 -0.890050562305435 -0.943118857565964 0.258673921257091 2.17158185657123 1.46264386091135 1.27758519025925 0.0300720339809664 -0.32970379337503 0.0189140847210603 -0.499522338208722 0.16546422317129
GS1_SS_12265_13488 -1.01755051621704 -0.860303211768208 -0.680592006683831 -1.27543609551312 -1.17771812774849 0.518755648248026 1.23490480050927 0.923105859687873 1.70687135286211 0.770575974372508 1.01947599341437 0.312761679420059 -0.30769125613375 -1.16716009444978
GS1_SS_12437_08618 -1.22976161495342 -0.643254705578212 -1.28612798459494 -1.10427227622519 -0.452499044107166 1.75468932501349 1.03972642587629 1.22365878996967 0.965560150032179 1.20289223273332 0.124514581959994 -0.576505057318515 -0.724244278799978 -0.294376544007528
GS1_SS_12657_04555 -1.37542232431442 -0.623947269914152 -1.08780993476566 -0.0606478825784111 0.0924531028338249 0.00801080675594214 2.3196953877541 1.43581341011645 1.20344364417004 0.233628696484283 -0.069767299808006 -0.976447820519645 -0.461025373639276 -0.637977142575068
GS1_SS_12759_18700 -1.47627861704017 -1.09421062783229 -1.2394439255933 -0.818931828154563 -0.00179677049050733 0.393718746287835 1.98369112373677 1.15026082678145 0.901560669831227 0.664251359764221 0.544014642663605 0.183304491361757 0.00136735364371941 -1.19150744495976
GS1_SS_13066_17534 -1.64451138600998 -1.35331099475776 -0.863409160062843 -0.828636407460372 0.0158447271710769 0.943746209178898 1.37369502214542 0.889445900927748 1.45762925256517 0.97286624830412 0.223624771046928 0.0307473354292789 -0.0614090236846601 -1.15632249479302
GS1_SS_13461_13002 -0.0924821417525163 -0.617788088255003 -0.977321256557935 -0.87505882844782 -2.09467283948741 0.102892918268388 1.21432404483359 1.53295224189247 1.5975390385936 0.474805222605702 0.580296990550874 0.0894373356223204 -0.236403053734858 -0.69852158413141
GS1_SS_13520_02210 -0.319635991839308 -1.23530711553498 -0.370728752259008 -1.40857821608875 -1.65293489635688 0.301763046082553 0.930137356513886 1.12384556123553 1.41263072882514 0.95279588504784 0.897260275895991 0.626690788108187 -0.178131259720398 -1.07980740990981
GS1_SS_13551_16733 -1.01605260785937 -0.374120888949978 -1.5016518176378 -1.07830891680532 -0.716392240799509 1.02042043143938 1.51155353534635 0.770011722123437 1.65266783562385 0.674552048406308 0.304057836501277 0.393845268736664 -0.505550874502546 -1.13503133162274
GS1_SS_13797_14918 -0.556138195036739 -1.43077333434706 -1.68774412848203 -0.317856185929762 0.40652112175545 0.897849280141524 1.83322297079284 1.1613611490363 1.34638012081348 0.169921103300993 -0.44026772786315 -0.218805625281371 -0.937389409607903 -0.22628113929257
GS1_SS_14205_05681 -0.289853149056154 -1.48684974638782 -1.06601660984468 -0.484118338952935 -0.848421651184312 0.194688202187549 2.3984540515478 1.02334364269414 1.55499318086432 -0.0171640441617809 -0.356028935452863 -0.093793361562174 -0.468415609977445 -0.0608176307136442
GS1_SS_14428_02310 -0.646366237371295 -2.10583336091931 -0.915839487657117 -0.77571339750849 -0.872723767611385 0.966161692339064 1.2809064486729 1.43181146883296 1.2658159466569 0.476798269820011 0.357152146693106 0.25044073957992 -0.20227432090026 -0.510336140627012
GS1_SS_14447_01709 -0.22356280583958 -0.85096197060736 -0.700506535411249 -1.09921343868094 -0.731199444191256 -0.590674067718089 0.492755521129101 1.40286044863037 0.535891094399825 2.38984810351685 0.980080675729301 -0.771220589953421 0.0981109146097035 -0.932207905613259
GS1_SS_14459_21536 -0.159983176993442 -0.93884139095632 -1.31087807109535 -0.770676204268091 -0.00437278848947133 0.843018498130596 1.38897944669375 2.13766007236052 0.879876621240345 0.379988326564377 -0.290771923215691 0.0324853346202774 -1.39035339905074 -0.796131345540762
GS1_SS_14568_12478 -0.930218565230792 -1.32262798119181 -1.01847128528628 -0.985376515265473 0.182396084040192 1.52509818202727 0.885265961624977 1.3690799805006 0.697839247407133 0.992429978835214 0.487971127232322 0.209659870771619 -0.590760781303073 -1.50228530416191
GS1_SS_14701_05830 -1.26486350680932 -1.61859751735434 -0.886861697866444 -0.171784282363516 -0.537035214182095 1.23389709093603 1.79329040993746 1.1495767744689 1.27502895262731 0.104004850276526 0.172078081375597 0.100508642032767 -0.553282299550152 -0.795960283528712
GS1_SS_14740_20275 -0.882267191648548 -0.802181579565641 -1.85501438231411 -0.976025957013904 -0.284750393205586 0.276044222135946 1.99495492050079 1.42458909786155 1.38552294562598 0.180136818397634 -0.0247651500779026 -0.171458551722448 -0.114617300219701 -0.150167498754065
GS1_SS_14977_13242 -1.3095834653355 -0.715111868854716 -1.31195660544121 -0.694940177956167 0.393500531528513 0.0858229168229888 2.25724611354921 1.30680350121167 1.36138572364304 -0.183528485175291 -0.0648714798897053 -0.118741760289361 -0.19242776057171 -0.813597183241753
GS1_SS_15048_17158 -1.29408306739353 -0.958520179589235 -1.09229940396304 -0.448486886664108 -1.23053793581597 1.32798973033303 1.63679677326256 1.49186928019094 1.04147922479913 0.283508436034556 0.222081475509584 0.0927615586149072 -0.41058277309153 -0.661976232227303
GS1_SS_15089_17943 -1.29836259255552 -1.476477316444 -1.34523488831565 -0.413648010083121 -0.278069894596954 1.108529794727 1.19758715667125 0.843701323682286 1.52217780481013 0.919985985031893 0.551921282575496 0.16229532406944 -0.534695713883649 -0.959710255688601
GS1_SS_15110_09769 -0.146218654348304 -1.13775149807736 -1.38388793430095 0.161213694379989 -0.985305705319534 -0.281673093121668 1.56974930038203 1.53957773723205 1.88893267896874 0.467216863801178 -0.156381707198826 -0.448251881249757 -0.901142923901148 -0.186076877246445
GS1_SS_15149_11626 -0.618876986487001 -1.15849149088553 -0.306010758520312 -1.05845548657736 -1.66447070108189 0.386702326384619 0.696668960023535 1.8382392468677 1.22062565505209 0.98865810883026 0.568216931303198 0.507325450419969 -0.347474957407463 -1.05265629792182
GS1_SS_15266_13660 -1.29377094032003 -1.81118615091161 -1.43120935563342 -0.10802774938099 -0.419824311180187 0.959141122464144 1.55740245971066 0.672676347016827 1.60591013570362 0.0714506517929645 0.405075667788994 0.338000331374283 -0.284811279666446 -0.260826928758816
GS1_SS_15534_11596 -1.21310714329592 -1.59750576730894 -1.53600198746685 -0.560483701638275 0.2997149969864 0.860936988045399 1.17699807890054 1.15051728480187 1.15051728480187 1.02494706762428 0.374886283460056 0.254441381269312 -0.358973400739009 -1.02688736544073
GS1_SS_15681_12496 -1.55056007694298 -0.0688758098474732 -0.870999483244203 -0.568578775748529 -1.110514320919 0.631358074402764 0.965674715892123 0.925509465677854 1.38800050858628 1.29349403749388 0.827754334641654 0.102417169007498 -0.325519945407767 -1.6391598935921
GS1_SS_15817_09568 -0.202140614021062 -1.10914631856494 -0.846000788403754 -0.902938710134537 -1.81548432057655 -0.0959590843068988 1.86239765068214 1.47306537506354 1.35918953160198 0.393707042577835 0.0157623513053944 0.2773690187171 0.00806803755799126 -0.417889171498245
GS1_SS_15820_19419 -0.0563884041597257 -0.44006697730548 -0.931061586999429 -0.71809148792038 -0.844401513238166 -0.0668350979830012 2.19107531700223 1.73996808372442 1.57377068199049 -0.242529494101725 -0.252026488486521 -0.671081365715641 -0.601041032127771 -0.681290634679296
GS1_SS_15848_16167 -0.617739552411816 -1.0447461058145 -0.900708010049482 -0.881298621258451 -1.74552719584858 0.0912139118500621 1.65826667003122 1.07435053145472 1.42944019165274 0.669409388467098 0.243976017103263 0.560921120593018 0.42750711132414 -0.965065457093428
GS1_SS_15889_07656 -0.0827397544825387 -1.6857286457731 -1.80345635451051 -0.642997511241798 -0.32408155739422 0.416341639343533 0.418654147908018 1.93019383687578 1.01780409416088 0.910587787989319 0.839951162746875 0.185931695100326 -0.543559642968954 -0.636900897753611
GS1_SS_15929_11502 -0.704125242878503 -1.00839645580009 -1.40775242275966 -0.362454026701975 -0.987794759091854 0.763349461107883 1.83780718173722 1.07079016583073 1.7173664932891 0.0399129574688059 0.56684096942936 -0.40365742011844 -0.22394723498663 -0.897939666525949
GS1_SS_15940_09158 -0.287383911390905 -1.41935235882679 -1.36127188293217 -0.606626251308244 -1.30919973213009 -0.324635526964697 1.39855210957783 1.47265478571924 1.57079076223085 0.849791751125189 0.375935178826302 0.369125743721415 -0.312418599276518 -0.415962068371414
GS1_SS_16078_10013 -0.258957170905811 -1.19052285767346 -0.645718899658659 -0.989288963271594 -0.249877104938898 1.01568776509818 1.91878621802361 2.08811717794713 0.374929596460055 0.065961946396708 0.118479084691828 -0.954931956910301 -0.449393149022695 -0.843271686236097
GS1_SS_16370_13815 -0.845409764186263 -1.41385245518674 -1.15374243205542 -1.03976163540236 -0.709509583561469 0.965131351879533 1.6022547793248 1.23400912859955 1.59202573347132 0.493133950354713 0.211104543251647 0.0182139643003275 -0.287196119039262 -0.666401461750379
GS1_SS_16782_17086 -0.494378107763811 -0.726824902892338 -1.31428134876261 -1.31850765412859 -0.239109263659029 1.51311694107347 1.29334906204286 1.54692738400125 1.12429684740393 0.649260124268541 0.162262956947447 -0.643144056646068 -0.682448696549619 -0.870519285335427
GS1_SS_17229_11973 -0.748140801623248 -0.788878248717309 -1.75145609249882 -0.755256512906054 -0.852030186352208 0.409051745742987 0.947177411505149 0.749716423407298 1.94159806327721 0.76554888101154 0.995208462664086 0.345721915326019 -0.0952742914258486 -1.16298676941081
GS1_SS_17311_11462 -0.114537317454989 -0.588267541045688 -1.42265402010445 -1.09958553975408 -1.10269196744975 0.161297929782625 0.329681843026782 0.809314279239267 2.01150179746616 1.00346601021906 1.34361984289566 -0.0542726201588605 -0.0361000181391517 -1.24077267852258
GS1_SS_17664_11867 -0.677096930952958 -1.44291430157668 -1.6146430452923 0.0149234930470246 0.241419782055738 0.227959961602351 2.03343242931525 1.1919615851087 1.57162134824216 -0.124083963014675 -0.54946070251567 -0.390495581643776 -0.496387238072748 0.0137631636975947
GS1_SS_17706_21799 -0.492526172190241 -0.0134113336068879 -1.47377751548817 -0.935976298488342 -0.221361137513487 0.924627210149649 1.50016886343016 1.18881026411447 1.8417198117704 0.35210479177159 0.124341258817629 -0.886913731323445 -0.996360996537445 -0.911445014905894
GS1_SS_17801_08924 -0.185684988449869 -1.02015647560751 -1.34501155576621 -1.15009850767099 -1.48916599758663 -0.420476027978816 1.6375641489408 0.809407032403739 1.6375641489408 0.746243022755383 0.625031470971171 0.48595288977823 0.10059355093998 -0.431762711670079
GS1_SS_17831_17095 -1.16248901761097 -0.398300410038489 -0.454423569945605 -0.679786336084259 -1.20382002684489 0.192733022006609 1.06285953219446 1.310845587598 1.69152593580518 0.862730434851254 0.819006577714315 0.103545054712354 -0.401128321196599 -1.74329846316136
GS1_SS_17921_14006 -0.750066353418994 -0.757779018844055 -1.25331777240424 -0.510973725242093 -1.21475444527894 1.09653856597631 1.80089773592004 1.17231550377754 1.45961229086107 0.390829679583201 0.245445936320795 -0.0528413989934513 -0.629035351236219 -0.996871647020956
GS1_SS_18015_16174 -0.607251558673917 -1.56681863669989 -1.26717043363402 -0.1395925134266 -0.414472107799745 0.516342599296211 2.31821557992875 1.20969043563881 0.904846020959075 0.135806702107931 -0.189822559027238 0.554967772292564 -0.593394994370293 -0.861346306591627
GS1_SS_18019_11726 -0.73602076620993 -0.188002483650765 -1.15137080756786 -1.22942473746187 -0.936898297498725 -0.0393953018105131 0.0447529289160652 0.795523912250968 1.9178128501865 0.727783414535143 1.31072672878863 1.12789770381166 -0.310122896487944 -1.33326224780135
GS1_SS_18020_12585 -0.470932516078982 -1.01169536361235 -1.10542759051813 -0.630053537881902 -1.47911336515843 0.155606507270019 2.11851348716699 1.12525023388157 1.50813519259485 0.39602842615037 -0.0577151125845215 0.447742758236319 -0.360293680606638 -0.636045438859169
GS1_SS_18436_08946 -1.76318519527828 -0.649405905362946 -1.20763961221512 -1.15387713643482 0.0197129077861121 0.922698490579501 1.10414684633803 0.593403326425127 2.14803491773897 0.642685595890408 -0.0136646292608278 -0.23543484185459 0.0094084332615535 -0.416883197613123
GS1_SS_18492_12704 -0.655586099395227 -1.13806972868197 -1.49046391526 -0.189404817992235 0.0508489755672724 0.416070969217465 2.14710037516462 1.38303073697674 1.41596477310553 0.146357680340757 -0.271739908314205 -0.38108090826178 -0.869657334232348 -0.563370798234621
GS1_SS_18494_10455 -0.491645292320339 -1.13902806893595 -1.78559447382822 0.420241922660294 -0.232855456018763 0.101856950554254 1.93665239878073 0.820264067101216 1.83868779197887 -0.149177354375509 -0.549607684678106 0.409424997325922 -0.730842207261544 -0.448377590982852
GS1_SS_18537_11660 -1.24536644227765 -1.3775674140678 -1.11182443904704 -0.860176560443055 0.327730013412283 1.45096273056453 0.992539216874958 1.52514744854749 1.04580004004221 0.601642818272441 0.308137639175758 -0.0641174713182206 -0.458818214432684 -1.13408936530321
GS1_SS_18918_07511 -0.878536261248359 -1.04025095438671 -1.49514624227947 -0.6610939868055 0.319781249057389 0.924757079503009 1.55183779606106 1.39361334809836 1.4226987245621 0.649027710626832 0.00565918324908612 -0.450399519702227 -0.884353336541105 -0.857594790194472
GS1_SS_19492_05392 -0.532731247119455 -0.321118952645181 -1.58082980543836 -0.644315884507019 -1.37227280460684 0.576473184054546 1.09587310332285 0.773074688023111 1.59136202886525 1.45985156337276 0.719939146409985 -0.190007003714793 -0.451433868451372 -1.12386414756548
GS1_SS_20067_01031 -0.106312582909035 -0.787057449229872 -1.08835118936311 -1.16591195414988 -1.83860243335825 -0.252484793468724 0.529491786430542 1.59196985528751 1.3205071785338 1.03860362959726 1.14152079825663 0.124281537014719 0.131291836908908 -0.638946219550514
GS1_SS_20068_10354 -0.737555130971242 -1.52805223280394 -1.35295841220256 0.0619541528041751 -1.2010387737396 0.296270883314845 1.71890817570105 1.29276071526681 1.49617853625959 0.358068702350626 0.110877426207502 0.489389067801661 -0.562461310369862 -0.442341799619063
GS1_SS_20218_14529 -1.10749094461192 -1.61620653713748 -1.48678330550965 -0.526956680200403 0.505436728160288 1.19519522273171 1.39793334857645 1.31489300920831 1.04931354546335 0.421648277626667 0.242819784630623 -0.013453176215781 -0.586057462273225 -0.790291810448927
GS1_SS_20230_01093 -1.04505484618331 -0.580755755002896 -1.0844499205865 -1.24015426227528 -1.40148647173595 0.71083989864444 1.00161306685844 0.727723501960091 1.15544145262326 1.23047968958171 1.3374091772475 0.121039356151016 0.152930606858357 -1.08557549414087
GS1_SS_20701_12848 -0.539829178588339 -1.51894472043499 -1.66035263232874 0.22644060625468 -0.854327534534328 0.567448470746829 2.01267312977239 1.1678056055464 1.25730428396017 -0.206894094889113 0.00754473859028083 0.227890484844984 -0.671571233213409 -0.0151879257268169
GS1_SS_21052_21434 -1.47683493152166 -0.803946510966036 -0.876844815800376 -0.409801439065107 -1.08392542410945 -0.0695269788722685 1.16233081637922 1.3007140391156 1.72327709425703 1.0980814629659 0.905333402725952 -0.506175469185084 -0.0949796073398519 -0.867701638583866
GS1_SS_21199_20863 0.29180826240787 -0.636154635812785 -1.3313419768053 -1.19297888334802 -1.77084827366962 0.606904046667734 1.27197706731955 1.35220440722335 1.25337362618244 0.819680904673473 0.512026496868454 -0.0286360111789144 -0.258504780729376 -0.889510249798853
GS1_SS_21226_14230 -1.1847885173441 -0.196510419078579 -0.713685821832951 -1.80856109530196 -0.895753303003227 0.342404384412543 0.440725765017386 1.22507346205351 1.83155333487987 1.15343225508014 0.563009894161602 0.10969398107143 0.188499308742147 -1.05509322885781
GS1_SS_21369_17917 -0.925444565033481 -1.22144002486142 -0.949738532019359 -0.625260490207973 -1.27728822482896 0.0979736993716207 1.68685498844803 1.08425291079831 1.83764512836037 0.796076198965824 0.327509801238195 0.195428808314971 -0.431187995320785 -0.595381703225341
GS1_SS_21522_01591 -1.66977076642491 -0.0686836253933853 -1.24156474409434 -1.22294709094954 -0.835079317099382 0.80637710183447 0.752696201933609 0.555969667036811 1.29974491017187 1.34939198522469 1.09495072557898 0.17647983710182 0.0966101051105964 -1.09417499003128
GS1_SS_21551_03540 -1.15035024387537 -0.934960875217869 -1.33676648577916 -0.787400066867524 -0.655830627702178 0.514144658231795 1.61444968122775 1.32471841369054 1.85252343594825 0.525823748086008 0.0892054658438896 0.0538762190348951 -0.503732942139234 -0.605700380481786
GS1_SS_21776_12929 -1.21949665476554 -1.43454729659615 -1.51105569801665 -0.967225709541166 0.0964478496671627 0.856362377289754 1.58236507293136 1.30941618137713 1.14192481610521 0.727952330581283 0.158274909193463 -0.0695960593616647 -0.0303079613349185 -0.640514157529277
GS1_SS_21903_12693 -0.826979366140668 -0.351124817110001 -1.26601183697253 -0.771746248842466 -1.47278196839657 0.118781550057783 1.3101174031667 1.09343363530452 1.81712909528866 0.798857009714111 0.763451165292186 0.159144212698777 -0.233719037006899 -1.13855079705361
GS1_SS_21935_14442 -1.00436395148385 -0.4669454741359 -1.17296582673027 -1.09468638465158 -1.13984760123544 0.599461386797688 0.717181624692955 1.18143893117505 1.40724501409436 1.262729121026 1.07576168436882 0.000924729672907664 0.0117634216530345 -1.37769667524378
GS1_SS_22047_12255 -1.22930263837089 -1.31622913042871 -1.44343863100113 -0.132968759270951 -0.238976676414631 0.142439809468331 2.2011135603986 0.819194352513586 1.25764309781985 0.609150265485098 0.0347357656503514 0.544633847111454 -0.496575915073775 -0.751418947887182
GS1_SS_22180_10771 -1.01424917516072 -1.47234196910368 -0.987411415515578 -0.153127266546734 -0.715794779106975 1.08950727702278 2.07440678400014 0.987246158374906 1.36760199334573 0.121728409819042 0.140237209574313 -0.154284066531438 -0.447417182655544 -0.836101977516237
GS1_SS_22235_07135 -1.00839439327128 -1.16133646123121 -0.826138428952376 -1.1842777714252 -0.113683295705734 1.25897176423458 1.74456283000733 1.46162000428147 1.16720652345862 0.19627929535971 0.239230526111788 -0.28184309942767 -0.50037182419774 -0.991825669242293
GS1_SS_22244_12036 -1.38935208656146 -1.22984960219843 -1.56679860041532 -0.906458315152388 0.121535196567329 0.937390404084218 0.847670256630015 0.801813292375644 1.7368966069539 0.899907320258907 0.724055831248668 0.0621205211421008 -0.263264546958477 -0.775666277974705
GS1_SS_22366_21495 -0.811041930277883 -0.603416802672755 -0.727172590051097 -0.738433504292858 -1.36514014205896 0.849096680894997 1.13584789555213 1.06038704958973 1.79127924333986 1.06254307376008 0.484728596105105 -0.0310570661687756 -0.819019219708194 -1.28860128401138
GS1_SS_22760_00539 -0.726863081027309 -0.715361687292227 -1.69564714462579 -0.626184214128912 -0.0981202235095056 0.859995880682524 1.94012677058586 1.24304229812046 1.47073655670194 0.151576701347777 0.0582320565413162 -0.267457410400369 -0.570510800976487 -1.02356570201927
GS1_SS_22814_12668 -0.772200393834608 -0.90130528454556 -1.07190817584218 -0.321485998584766 -0.888625339922163 0.510779457605479 2.11075792463049 1.29117241306365 1.70154152996632 0.259486009614519 -0.160104885196076 -0.272495303448913 -0.737618726679888 -0.747993226826304
GS1_SS_22890_13475 -1.39310960540215 -0.8497617361701 -1.42952159961726 -1.07227947859574 0.467947876703167 1.67561235150412 1.12336377257504 0.425467216785546 1.19618776100525 0.860444899679179 0.441448036468841 -0.30418868951379 -0.0397971537407845 -1.10181365168132
GS1_SS_23130_03567 -0.652929970522362 -0.729100475667749 -0.847845369620633 -0.577628330454679 -1.45518205893575 -0.0942497255586698 1.93049552718429 0.754921077050737 1.69879817312988 0.764275857720684 0.569273572114643 0.207246456404629 -0.284059094216967 -1.28401563862806
GS1_SS_24221_00216 0.214769555895412 -0.238635254951495 -2.03399658649294 -0.891355603452579 -0.915699485914158 -0.122088917666686 0.230593079495438 1.39818654205892 0.182818210164589 1.47760845858982 1.41370576712817 0.53884749116518 0.0093680476258397 -1.26412130364551
GS1_SS_24254_00186 -0.316230347090022 -1.17775556821143 -1.51687757532352 -0.61393287241743 -0.833714997637405 0.294189265711744 1.66983380448553 1.62841432270084 1.42390563138897 0.623991889422282 0.334055516929501 -0.0449327414003481 -0.758124443380358 -0.712821885178361
GS1_SS_24368_13383 -0.463067041309163 -1.46870835780737 -0.963493315471366 -0.308629267704082 -0.883281448560199 1.20342428317358 1.85230237072361 1.53624367125274 0.965183066526978 0.453982063973724 0.0524438526005118 -0.355894409579498 -0.758773476041374 -0.861731991778095
GS1_SS_24444_15628 -0.948373595284086 -1.35061264545724 -1.16496385306963 -0.948373595284086 -0.670416097792634 0.926679207830791 1.67700974373072 1.55788510194867 1.18143060627379 0.733552894638678 0.159836243230163 -0.169680049436049 -0.492502671754506 -0.491471289574575
GS1_SS_24560_04486 -0.603156112955627 -1.23291989260513 -1.27202287238729 -1.14030757206844 -0.029988751411881 0.730461302772729 1.92618926347979 1.66893281754454 1.00624021281532 0.613152363426254 -0.175287192076112 -0.431720417384373 -0.509514766635194 -0.55005838251459
GS1_SS_24754_03983 -1.19769193400611 -1.02918316637663 -1.59285830280915 -0.990895025979652 0.503366196571928 0.257871649320716 1.99230393436243 0.663480238232018 1.59509007142052 0.458116576102772 0.0998051017995023 0.169993200880166 -0.336331624722438 -0.593066914796078
GS1_SS_24794_02120 -1.5688919473173 -1.40806911298916 -1.26128902095163 -0.614821349073366 -0.0385673886481294 0.604389597657488 1.54057241703124 1.5572899673772 1.12430541341684 0.830076527327946 0.126267657763035 -0.0225185403160079 -0.240883182934936 -0.627861038343215
GS1_SS_25071_11404 -1.63551976414284 -1.34841363568132 -1.08664040090757 -0.543390569602919 -0.6151671017183 0.945620626045587 1.80693901143017 0.882429130124398 1.1989495629234 0.689899138097256 0.378445284035806 0.270076794371407 -0.207026036748483 -0.736202038226591
GS1_SS_25186_07381 -0.678126650227487 -0.59223351343593 -0.8600041939801 -0.98415028513511 -0.369521527602084 0.560518092903216 1.63957995893485 2.25679020418566 0.275850401842674 0.881561292714281 0.135276661574525 -0.373980460932794 -0.472076994208397 -1.4194829866333
GS1_SS_25246_03824 -0.406278642684721 -1.10047722556867 -1.49096392844089 -1.05331699575318 -0.840152756987189 0.589745411018336 1.49144900509042 1.96871053082314 1.24810221924252 0.425627811260446 0.193033557810471 -0.390998728224504 -0.377227941118382 -0.257252316467786
GS1_SS_25529_14609 -0.0429976529366731 -0.475732194135806 -0.868810997636626 -1.37320415257131 -2.0550045551037 -0.245102772258776 0.937264354377761 1.66011192400139 0.961962226102148 1.09101730229578 0.660543833860148 0.342080431554838 0.13371387996458 -0.725841627513761
GS1_SS_25815_14309 -0.883705039177066 -0.961821067097953 -1.53227363941495 -0.53536922519827 -0.595909146836957 0.351595102459548 2.08264833687134 1.35493586623992 1.61292432687338 0.122655525787937 -0.0299790813995855 -0.119504160766812 -0.416036714124389 -0.450161084216145
GS1_SS_25942_17955 -0.895568643116039 -1.12157717296814 -1.59840004692441 -0.698224609732984 -0.510527281892397 0.679876182048127 1.69801704701601 1.56571937100503 1.26804959998031 0.636328197027844 0.310269549692433 -0.241522007336724 -0.351494450520857 -0.740945734278199
GS1_SS_26060_09936 -1.01951666987475 -1.7785221251425 -1.50265008584556 0.0327993681066404 0.188316870052274 0.55002370706829 1.8821426035594 0.99878032228733 1.34755119062129 0.422450756253512 -0.120431111751557 0.1197062074292 -0.628435892923231 -0.492215139840337
GS1_SS_33404_00003 -0.536263487496961 -0.565449168427322 -0.886491658661288 -1.22718981156264 -1.57860923500984 0.270035620164856 1.64730194700716 1.75689715703137 1.3893958277654 0.460219047125349 0.309525633342058 -0.0448719208123196 -0.520181581678191 -0.474318368787625
GS1_SS_33513_19414 -0.219111583160263 -0.887780679857961 -2.0819043746215 -1.25234493654355 -0.648955940905254 1.02341981731194 0.699831377906713 1.64207431350566 1.23733768693736 0.75627355759192 0.295496475037244 0.265166335775798 -0.44488030190109 -0.384621747077026
GS1_SS_40804_16995 -1.12317217630129 -1.64630720417348 -0.786941723604604 -1.20426305018696 -0.123381036076742 1.11572707342015 1.06430359241948 1.08408185434281 1.00892445903414 1.25021925449882 0.747851401646129 -0.0709686419799067 -0.222569019622263 -1.09350478341628
GS1_SS_42621_20942 -0.53695853244507 -1.67840608387714 -0.763923578273071 -0.624975215999589 -1.1245391285409 0.420268053407771 0.934401074991624 1.93858594618819 1.18966149788572 0.652651362929279 0.665896007513406 0.517796799890891 -0.918645108187649 -0.671813095483458
