Date	maximum	minimum	average
01/04/2012	30	17.4	23.7
02/04/2012	31.6	17	24.3
03/04/2012	31.8	17.2	24.5
04/04/2012	31.4	17.8	24.6
05/04/2012	31.6	17.8	24.7
06/04/2012	32	17.6	24.8
07/04/2012	31.8	17.2	24.5
08/04/2012	32.6	18.2	25.4
09/04/2012	28.8	18.6	23.7
10/04/2012	30	19.6	24.8
11/04/2012	30.8	19	24.9
12/04/2012	31	19	25
13/04/2012	31.4	19.8	25.6
14/04/2012	32	19.6	25.8
15/04/2012	32	19	25.5
16/04/2012	28.2	19.4	23.8
17/04/2012	29.4	16.4	22.9
18/04/2012	30	17.6	23.8
19/04/2012	30.4	16.6	23.5
20/04/2012	30.6	17.2	23.9
21/04/2012	30.2	17	23.6
22/04/2012	30	16.2	23.1
23/04/2012	27.4	15.8	21.6
24/04/2012	27.6	15.2	21.4
25/04/2012	30	15.6	22.8
26/04/2012	28.2	19.4	23.8
27/04/2012	28	20.6	24.3
28/04/2012	27.4	19.2	23.3
29/04/2012	18.6	18	18.3
30/04/2012	18.6	18.2	18.4
01/05/2012	20	13.8	16.9
02/05/2012	23.4	11.4	17.4
03/05/2012	26	13.4	19.7
04/05/2012	26.4	13.8	20.1
05/05/2012	26.6	14.6	20.6
06/05/2012	27.8	14.6	21.2
07/05/2012	26.6	14.4	20.5
08/05/2012	26.6	17.4	22
09/05/2012	26.8	13.4	20.1
10/05/2012	26.6	13.4	20
11/05/2012	28.6	14.4	21.5
12/05/2012	26.2	18.2	22.2
13/05/2012	24.6	18.4	21.5
14/05/2012	18.8	17	17.9
15/05/2012	21	16.4	18.7
16/05/2012	23.8	15.4	19.6
17/05/2012	24	13.8	18.9
18/05/2012	24.2	12.6	18.4
19/05/2012	24.6	12.4	18.5
20/05/2012	25	12	18.5
21/05/2012	25.4	12.4	18.9
22/05/2012	25	13.4	19.2
23/05/2012	26.2	13.8	20
24/05/2012	26.4	14.6	20.5
25/05/2012	26.2	18.2	22.2
26/05/2012	27.4	18.2	22.8
27/05/2012	27.6	16	21.8
28/05/2012	26.2	14.6	20.4
29/05/2012	28	15.4	21.7
30/05/2012	28.6	15.8	22.2
31/05/2012	28.4	16.2	22.3
01/06/2012	21.4	17.4	19.4
02/06/2012	23.2	17.8	20.5
03/06/2012	28.2	16.4	22.3
04/06/2012	29.4	15.8	22.6
05/06/2012	21	19	20
06/06/2012	20	18.8	19.4
07/06/2012	20.4	18.4	19.4
08/06/2012	15	14.2	14.6
09/06/2012	18.8	14.6	16.7
10/06/2012	23.6	14.4	19
11/06/2012	27.4	14.2	20.8
12/06/2012	27.4	16.8	22.1
13/06/2012	24.8	17.4	21.1
14/06/2012	27	17	22
15/06/2012	26.8	15.8	21.3
16/06/2012	26.2	15.6	20.9
17/06/2012	26.6	14.8	20.7
18/06/2012	27.2	14	20.6
19/06/2012	21	17.2	19.1
20/06/2012	19.6	19	19.3
21/06/2012	20.6	19.2	19.9
22/06/2012	21.2	17.4	19.3
23/06/2012	23.4	16.8	20.1
24/06/2012	25	14.2	19.6
25/06/2012	25	13.4	19.2
26/06/2012	24	13.4	18.7
27/06/2012	24	12	18
28/06/2012	25.2	13.6	19.4
29/06/2012	25.8	13.2	19.5
30/06/2012	26	14.2	20.1
01/07/2012	27.2	13.6	20.4
02/07/2012	27.6	13.8	20.7
03/07/2012	27.4	14	20.7
04/07/2012	26.2	13.4	19.8
05/07/2012	27.4	12.2	19.8
06/07/2012	27.2	14.4	20.8
07/07/2012	27	14.6	20.8
08/07/2012	26.6	14.2	20.4
09/07/2012	26	12.2	19.1
10/07/2012	25.6	11.4	18.5
11/07/2012	27	13.4	20.2
12/07/2012	25.2	16	20.6
13/07/2012	25	12	18.5
14/07/2012	24.2	12.2	18.2
15/07/2012	23.8	10.8	17.3
16/07/2012	19	8.2	13.6
17/07/2012	22.4	14	18.2
18/07/2012	18	12.4	15.2
19/07/2012	21.2	8	14.6
20/07/2012	21	9.8	15.4
21/07/2012	25.2	10.8	18
22/07/2012	28.4	11	19.7
23/07/2012	29.4	9	19.2
24/07/2012	29.4	15.4	22.4
25/07/2012	29.6	18.2	23.9
26/07/2012	28.6	15	21.8
27/07/2012	28.2	14.8	21.5
28/07/2012	29.4	14.6	22
29/07/2012	30	14.2	22.1
30/07/2012	26.4	14.4	20.4
31/07/2012	26.2	15.4	20.8
01/08/2012	25.6	14.4	20
02/08/2012	26.4	14	20.2
03/08/2012	26.8	13.6	20.2
04/08/2012	27.2	13.8	20.5
05/08/2012	28.2	13	20.6
06/08/2012	24.8	13.6	19.2
07/08/2012	28.8	11.4	20.1
08/08/2012	28.2	14	21.1
09/08/2012	28	12.8	20.4
10/08/2012	28.4	12.8	20.6
11/08/2012	27.6	13	20.3
12/08/2012	27	13.2	20.1
13/08/2012	27.8	12.4	20.1
14/08/2012	27.2	15	21.1
15/08/2012	27.6	14.8	21.2
16/08/2012	27.4	16.2	21.8
17/08/2012	28	15.2	21.6
18/08/2012	28.4	15.6	22
19/08/2012	28	12.6	20.3
20/08/2012	28	12.8	20.4
21/08/2012	27.6	13.8	20.7
22/08/2012	30.4	14.4	22.4
23/08/2012	27.6	15.6	21.6
24/08/2012	27.4	15.8	21.6
25/08/2012	28.6	14.4	21.5
26/08/2012	29.4	14.2	21.8
27/08/2012	30	13.6	21.8
28/08/2012	27.6	16.6	22.1
29/08/2012	26.4	15.6	21
30/08/2012	26	14.2	20.1
31/08/2012	26.2	12.8	19.5
01/09/2012	32.4	13	22.7
02/09/2012	32.6	13.2	22.9
03/09/2012	31	13.6	22.3
04/09/2012	29.4	15.2	22.3
05/09/2012	32	15.2	23.6
06/09/2012	32.4	16.8	24.6
07/09/2012	33	16.6	24.8
08/09/2012	33.2	16	24.6
09/09/2012	33.8	16.4	25.1
10/09/2012	34.2	16.6	25.4
11/09/2012	32.6	18.4	25.5
12/09/2012	33.6	18.4	26
13/09/2012	32.6	20.2	26.4
14/09/2012	32.4	18.6	25.5
15/09/2012	33.8	18.2	26
16/09/2012	34.4	18	26.2
17/09/2012	34.6	17.6	26.1
18/09/2012	35.4	21	28.2
19/09/2012	35	21.6	28.3
20/09/2012	26.6	20	23.3
21/09/2012	28.8	18.2	23.5
22/09/2012	29.2	17.8	23.5
23/09/2012	29.4	17.2	23.3
24/09/2012	25.2	13.6	19.4
25/09/2012	22.2	19	20.6
26/09/2012	27.4	17.4	22.4
27/09/2012	22.4	9.2	15.8
28/09/2012	20.8	10.6	15.7
29/09/2012	24.2	12.8	18.5
30/09/2012	30.4	16.6	23.5
01/10/2012	33.6	11.2	22.4
02/10/2012	35	17.2	26.1
03/10/2012	35.2	19.2	27.2
04/10/2012	34.6	19.4	27
05/10/2012	33.4	20	26.7
06/10/2012	33.4	21	27.2
07/10/2012	33.8	19.8	26.8
08/10/2012	33.4	17.8	25.6
09/10/2012	33.4	17.8	25.6
10/10/2012	33.8	20	26.9
11/10/2012	24.8	22	23.4
12/10/2012	24.4	18.6	21.5
13/10/2012	26.2	18.2	22.2
14/10/2012	29.6	16.4	23
15/10/2012	30	14.6	22.3
16/10/2012	30.6	16.2	23.4
17/10/2012	27.4	20	23.7
18/10/2012	32.6	18.6	25.6
19/10/2012	32.4	18.6	25.5
20/10/2012	32.6	18.4	25.5
21/10/2012	32.8	18.4	25.6
22/10/2012	34.4	18.6	26.5
23/10/2012	27.4	22.4	24.9
24/10/2012	30.4	20.4	25.4
25/10/2012	33.6	21.2	27.4
26/10/2012	33.4	22.4	27.9
27/10/2012	35.2	22.6	28.9
28/10/2012	36.6	20.8	28.7
29/10/2012	35.4	19.6	27.5
30/10/2012	36.2	23	29.6
31/10/2012	34.8	22.8	28.8
01/11/2012	32.6	21.4	27
02/11/2012	31.8	21	26.4
03/11/2012	32.4	21.8	27.1
04/11/2012	33	22	27.5
05/11/2012	32.2	18.4	25.3
06/11/2012	31.4	18.8	25.1
07/11/2012	31	19.4	25.2
08/11/2012	27.4	20.6	24
09/11/2012	22.2	22.2	22.2
10/11/2012	30.6	20.8	25.7
11/11/2012	32.6	21.4	27
12/11/2012	31.4	23.4	27.4
13/11/2012	25	22	23.5
14/11/2012	26.2	17.8	22
15/11/2012	28	17.6	22.8
16/11/2012	27	16.4	21.7
17/11/2012	29.6	16.2	22.9
18/11/2012	30.8	15.6	23.2
19/11/2012	30	15.4	22.7
20/11/2012	31.6	19.6	25.6
21/11/2012	33.4	20.6	27
22/11/2012	33.6	18.6	26.1
23/11/2012	34.4	18.8	26.6
24/11/2012	35.2	19	27.1
25/11/2012	26.2	20.6	23.4
26/11/2012	31.2	19.6	25.4
27/11/2012	30.6	19	24.8
28/11/2012	33.4	20.8	27.1
29/11/2012	35	21.4	28.2
30/11/2012	35.6	20.2	27.9
01/12/2012	32.8	20	26.4
02/12/2012	33.6	21	27.3
03/12/2012	31.6	20.2	25.9
04/12/2012	33.4	21.2	27.3
05/12/2012	33.8	23.6	28.7
06/12/2012	32.6	22	27.3
07/12/2012	32.8	22.2	27.5
08/12/2012	34.4	22.8	28.6
09/12/2012	34	23.4	28.7
10/12/2012	33.4	20.8	27.1
11/12/2012	33	22.8	27.9
12/12/2012	34.6	22.8	28.7
13/12/2012	32.6	21.2	26.9
14/12/2012	30	22.6	26.3
15/12/2012	23.6	22.6	23.1
16/12/2012	28.4	24.6	26.5
17/12/2012	23	24.8	23.9
18/12/2012	30.4	20.8	25.6
19/12/2012	30.8	23.4	27.1
20/12/2012	35.4	21.4	28.4
21/12/2012	33.6	20.4	27
22/12/2012	33.4	22.4	27.9
23/12/2012	32	22	27
24/12/2012	33.6	22.2	27.9
25/12/2012	34.8	21.6	28.2
26/12/2012	34	22	28
27/12/2012	33.2	21.4	27.3
28/12/2012	24.6	20.8	22.7
29/12/2012	30.8	21.2	26
30/12/2012	30.2	21.8	26
31/12/2012	31.4	21.4	26.4
01/01/2013	32.4	20.2	26.3
02/01/2013	31.2	21	26.1
03/01/2013	30.6	18.2	24.4
04/01/2013	32	19	25.5
05/01/2013	32.4	19.4	25.9
06/01/2013	32.6	20	26.3
07/01/2013	31.8	19.6	25.7
08/01/2013	31.8	20.2	26
09/01/2013	29.4	21.4	25.4
10/01/2013	25.2	21	23.1
11/01/2013	25.6	17.4	21.5
12/01/2013	26	16.8	21.4
13/01/2013	26.2	18.6	22.4
14/01/2013	27	18.4	22.7
15/01/2013	26.2	19.2	22.7
16/01/2013	26.8	19	22.9
17/01/2013	27.4	17.2	22.3
18/01/2013	28.6	17.6	23.1
19/01/2013	28.6	18.8	23.7
20/01/2013	30.8	19.2	25
21/01/2013	28.4	18.4	23.4
22/01/2013	30.2	16.6	23.4
23/01/2013	30.6	17.8	24.2
24/01/2013	31.8	18.2	25
25/01/2013	32.4	22	27.2
26/01/2013	32	21.6	26.8
27/01/2013	31.8	20.6	26.2
28/01/2013	28.8	20	24.4
29/01/2013	30.2	19.4	24.8
30/01/2013	30.4	20	25.2
31/01/2013	29.2	19.6	24.4