V3 V4 V5 V6 V7 V8 V9 V10 V11 V12 V13 V14 V15 V16
GS1_SS_00161_20790 -0.259210338295694 -0.449843805255508 1.59466814240747 1.05475322256155 1.40403467544765 1.24410727028002 0.879472786497827 -0.0258442686750889 -1.02430304461763 -1.57445331839428 -1.05245026792714 -0.768419196349425 -0.639197852973981 -0.383314004705774
GS1_SS_00473_14715 -0.153561995554721 0.249814483517004 0.466777211061544 1.93052814704208 1.80963219939893 1.10505581636034 0.35823084946796 -0.392493986703232 -0.840458971196033 -0.930415955893949 -0.712283267565766 -1.25566505374682 -1.13216919325113 -0.502990282936221
GS1_SS_00697_10637 -0.755187414832253 -0.988835422419716 -0.279245394090214 0.820650028411825 2.14637088203584 1.80258923210539 1.00077514439335 0.11569178877899 -0.741806691930769 -1.03515330938639 -0.777831715127074 -0.508158684343306 -0.510217257097381 -0.289641186498291
GS1_SS_01171_02095 -0.20276801491077 -1.12963816685693 -0.0611890711308069 2.10402490907743 1.42161440005801 1.0771056368601 0.734862136762666 0.251983552510471 -0.497252217973093 -1.52039605168963 -1.18815746361931 -0.416080290205914 -0.00512380939394152 -0.568985549488275
GS1_SS_01449_19451 -0.0967521865558831 -0.923833035432134 -1.08726817323403 1.41873727306168 2.75923557503277 0.613117603896787 0.150876810113653 -0.429730644077519 -0.570549000183596 -0.742238437874474 -0.283629536042493 0.304736960044325 -0.360559611007829 -0.752143597741256
GS1_SS_01533_09963 -0.19797667851687 -0.887490288041861 -0.446232707228464 1.59506999907408 2.34606394172827 1.31257175950571 0.50787980437158 -0.165680047822415 -0.365296572476094 -0.850135148925383 -0.807332385354418 -0.575419230006284 -0.689041111485571 -0.77698133482228
GS1_SS_01680_13572 -0.313406088277367 -0.514540102981205 0.183839485342032 2.05063351582462 0.604999033580143 1.25510992470819 0.713928571056544 -0.835089314695767 -1.16439101907948 -1.99197819720169 -0.820357396341759 0.294068897967316 0.163214799646421 0.373967890451994
GS1_SS_01748_02203 -0.142050626003408 -0.82200917427171 0.663700253694529 1.7097031537806 1.76976615887763 1.23146564149856 0.676166160412781 -0.0990432478254381 -0.240984594776446 -1.24585000269228 -1.03823599262103 -0.569291247165324 -1.04752875944736 -0.8458077234611
GS1_SS_01853_06264 -0.296729731365838 -0.526918194155456 -0.272484175410568 1.77215221742449 2.56590553738869 0.902631535100069 0.187531953205049 -0.261732425894689 -0.568337685579043 -0.690647856246254 -0.575192827887824 -0.845790550602893 -0.923722694744833 -0.466665101230901
GS1_SS_01867_08709 -0.525788812574252 -0.771330178140567 0.406641081118272 2.4090578014027 1.84001120602091 0.709087106222766 -0.61988313149565 -0.652144040840129 -0.898581542777125 -1.09573154432672 -0.655728586322849 -0.0485065815500923 0.0424512600739261 -0.139554036811179
GS1_SS_02084_20718 -0.828643995338706 -0.77894777496592 0.681423613181731 2.24380303262089 1.49748786351379 0.188646354327372 0.70670765512578 0.300070511584249 -0.559238169107288 -1.10502472969262 -1.28637234087752 -0.957679795604886 -0.389573529027567 0.287341304260693
GS1_SS_02333_00941 -0.619012896931372 -1.92936110268833 -0.982235928986484 0.398750709457938 1.84224549760487 1.77150147682669 0.866611539410322 0.384707493393016 -0.14746704261308 -0.859753743758597 -0.446433386183465 0.390409250291556 -0.369825002847051 -0.300136862976012
GS1_SS_02379_16600 -0.473283258530645 -0.863747179670583 0.429923462000129 2.04240904596113 1.53917853070023 0.976112679783304 0.462449336766992 0.815017545324783 -0.670126170445199 -0.967108886417922 -0.745303899859176 -0.455025809958679 -0.779057166126675 -1.31143822952769
GS1_SS_02493_13834 -0.913622904002882 -0.111151337741713 0.822982418923411 1.74802168838874 1.06463593594666 0.39164388316149 1.04384853663283 -0.128820627158467 -1.91575744067337 -1.56497007725253 -0.629537108130287 0.1915651647659 -0.486623737847723 0.487785604987942
GS1_SS_02683_12155 -0.449258820082956 -0.207843703643704 -0.385106551378819 1.70265587750143 2.23725811670257 0.39248647401922 0.636827834294099 -0.310824977089818 -0.983298320084938 -0.301821149903273 0.627824007107553 -0.369349853802364 -1.52352795127767 -1.06602098236132
GS1_SS_02840_06031 -0.334923023101223 -0.657362675101773 0.856755082391304 1.71072975768021 1.59317618873476 1.27768390566198 0.844495019577595 -0.0157527211843289 -0.900929256334127 -0.585845642021803 -0.69822955114747 -1.26832247198494 -0.933418422790457 -0.888056190379733
GS1_SS_03090_15723 0.0625704834081536 -0.0331191070745373 0.609197269040526 1.72278487828284 1.26586708372799 0.810145409054176 0.367820277047938 0.909423359179968 -0.776575791970161 -1.88232044315254 -1.00436845047385 -1.10723476024274 0.0793161617426246 -1.02350636857039
GS1_SS_03180_11065 -0.635928230980342 -1.22171150028477 -0.37758529039618 1.38447939811933 1.97465238384652 1.46414462208801 0.678873128682411 0.245266695367144 0.424269576162086 -0.455949857647008 -0.67543567878522 -1.02661299260636 -0.880289111847551 -0.898173141718071
GS1_SS_03323_18853 -0.827943600806158 -1.74716918467992 -0.235411430016451 0.948563933519349 1.78240082726742 1.38524412900837 0.793993108858208 0.510666644922762 0.102812338823511 -1.60624261432994 0.0861573805094223 -0.0329896289682918 -0.42566229998893 -0.73441960411935
GS1_SS_03567_07008 -0.378125197797825 -0.453299193383873 0.203721528038192 1.53505298986711 2.38451913998946 1.23059830774362 0.442774834001826 -0.638978962481414 -0.769029974845277 -1.0862642362184 -0.750988215904626 -0.306709901991078 -0.808872192505883 -0.604398924511831
GS1_SS_03709_16433 -0.673690162161507 -0.417150702526368 -0.16061124289123 1.72122628900499 2.06108625689769 1.24925946262496 0.761395960327366 -0.216523689221965 -0.211042076836599 -0.643541294041993 -0.841427501153713 -1.41973760780985 -0.736728704593218 -0.472514987618567
GS1_SS_03847_08871 -1.52964989064842 -1.08896601997519 0.665547748712656 2.01226450274765 1.33479526872761 1.16213927462056 0.718166718345281 0.0344489816813592 -0.715700204143752 -0.504402154212742 -0.0451372098879862 -0.44109495637349 -1.00839322272523 -0.594018836868307
GS1_SS_03935_06278 -0.688086517277094 -0.197691537325345 -0.102226924911474 1.97145459370517 1.62207787939383 1.01443175722421 0.936792487377249 0.335484264786978 -0.204029436904689 -1.1063878895138 -1.48507738937961 -0.695216654303856 -0.741958663701519 -0.659565969170046
GS1_SS_03977_10727 -0.369513490941587 -1.36021232162312 0.429355463878085 1.0419214540252 2.46049532594482 1.00507537942988 -0.146825027606152 -0.910920499526495 -0.857493691363289 -1.37840507095455 -0.33197655244761 0.0977407925202505 0.263548128199168 0.0572101104654042
GS1_SS_04060_13843 -0.0976404193387815 -0.230224983108457 1.00283862891751 2.38981444458184 1.00555552571607 0.852050856597488 0.464893062802842 -0.225198724031123 -0.800732557353851 -1.0402677635988 -1.35678624063091 -0.794388603329216 -0.995438966422576 -0.174474260802028
GS1_SS_04385_17144 -0.807863863008034 -1.94767335680522 -0.488773226509825 0.866720062550237 1.24556724838535 1.44397766610552 1.50233367131734 0.568637587928281 -1.14469472509064 -0.551797712138586 0.360189937311675 -0.599416212391428 0.0439003890636319 -0.491107466718297
GS1_SS_04512_07204 -0.700566469080503 -0.117636036503113 0.150196864951364 1.9163185268953 1.57916416859378 1.73356195884401 -0.0749403210359579 -0.0404371413779988 -0.196678252185296 -0.517809901029213 -0.906325156903766 -1.49618773516586 -0.514658925717984 -0.814001580284752
GS1_SS_04576_12492 -1.39490836615689 -1.15670907471759 -0.728640782855658 0.625297798339911 1.77072569543499 1.73620405899451 0.905958702601002 0.149589648190117 -0.908153292346147 -0.887440310481859 -0.681518749114405 0.171338279147618 -0.35580710929849 0.754063502262896
GS1_SS_04685_07694 -0.61168857634334 -1.38296326841774 -0.101152687505683 1.36177824065476 2.11838637504709 1.24072093915198 0.608662143805771 0.422187338990922 0.0403912342514061 -0.370272380846463 -0.531138910343418 -1.1315365652966 -1.13852064038329 -0.524853242765389
GS1_SS_04827_04621 -0.760296568512016 -1.11415261402484 0.402590407113872 1.30407477789421 2.19568056186353 1.32940448766607 -0.409480088171817 -1.0439893179568 -0.838058777511613 -0.94368366726025 -0.254208967270342 -0.485367898648296 -0.13186646907228 0.749354133890575
GS1_SS_04960_13334 -0.568580624016782 -0.206839667542873 -0.108167938142477 1.69467398226847 1.82047628340441 1.32201433550729 1.06091521994213 -0.259771579152901 -0.850567668827152 -1.27805812985701 -1.12092393485326 -0.315789207583244 -0.401002464390418 -0.788378606756178
GS1_SS_05024_20161 -1.61535629520084 -0.438892195436052 0.0834008582387424 1.72474993583244 2.1502923162285 0.425039127783131 0.231959309055312 0.0526895449365735 0.713083144702166 -1.00313730453668 -0.497303908971549 -0.984268915971953 -0.788358838959425 -0.0538967777003656
GS1_SS_05207_15881 -0.295507519229179 -0.904221028930378 0.0571476627135814 2.00901743059677 1.88926799707621 0.609129686623989 0.348011523646371 -0.21577678244212 0.847708583625265 -0.668095385368704 -0.70336090356298 -1.43627036864402 -0.620563599976419 -0.916487296128387
GS1_SS_05716_08869 -0.166846290910982 -0.637747101565967 0.563502806991894 1.41224145570208 2.14654952621555 1.40356425545967 0.549944681613137 -0.554771374247975 -0.709334003565803 -0.963142110656132 -0.513012348081403 -1.16163306620113 -0.890470558625995 -0.478845872126936
GS1_SS_05750_05622 -0.658883359660067 -0.648786525155266 0.102661968835777 2.08577281989494 1.73911483523012 0.835448147050448 0.437961014682703 0.47490701494152 0.100819296538651 -0.446008432183851 -0.898683179149086 -1.50701745806333 -0.964312603430291 -0.652993539532267
GS1_SS_05813_13249 -0.909231793196596 -1.60197244447515 0.0309435890025638 0.810779478341526 1.96449617159315 1.76024204056105 0.63046137828975 -0.319320331009513 -0.403096439440648 -1.08335843990146 -0.373256187485177 0.5283343127737 -0.834742864785827 -0.200278470267368
GS1_SS_05886_04049 -0.7412496132807 -0.402083651642665 0.29079875029299 1.58889821476687 1.88922837927078 1.38280958464177 1.06953415442649 -0.475094950254822 -0.700860384261209 -0.969086289800906 -1.00015492750821 -0.787852569841651 -0.819439018177407 -0.325447678631323
GS1_SS_06077_00087 -0.101110593162387 -0.538175373450701 0.494466536607145 1.25086765428783 2.29440728837251 1.02961083313696 0.846330929049305 -0.263255517319215 -0.500198456387493 -1.20277142205685 -1.31835334355357 -0.651280539486778 -0.562117342903593 -0.778420653133171
GS1_SS_06117_08206 -0.511087875844234 0.0736543712161324 -0.354061587026899 2.13448753407682 1.43586290182118 1.28474973685052 0.713147765004997 -0.835214664476946 -0.561458930834452 -0.591681563828584 -0.078772821276008 -0.15673845421739 -0.977436243218894 -1.57545016824625
GS1_SS_06427_20084 -0.440871372238411 -0.659092036576739 -0.170966866346269 1.49631557785271 2.14332070545231 1.48712733935425 0.815620242425435 -0.165607060555503 -0.433214506823032 -0.712690094484399 -0.750974421561299 -0.758631286976678 -0.754802854268988 -1.09553336525339
GS1_SS_06521_20007 -0.347592357164564 -0.310785698328838 1.02724460522872 1.40318427568987 1.35594578306648 1.15124564836512 0.860276216510287 -0.0885679559463027 -0.506038134505522 -1.41341084697983 -1.31696559120707 -1.65353985114873 -0.316296855801567 0.155300762221954
GS1_SS_06683_14464 -0.63874545243282 -0.943554771713227 -0.382259561818818 1.55811195847841 2.27552901483352 1.36370308776664 0.736613671149508 -0.229854902178614 -0.605290771048385 -0.70565481520169 -0.597856397407399 -0.30419863858847 -0.675917320637747 -0.850625101200908
GS1_SS_07065_12951 -0.74727226481759 -1.06236220892223 -0.583810756696931 1.3193875432399 2.42013843967531 0.925869097764236 0.822673701223416 0.184100587428823 0.154517907087121 -0.365586891478611 -0.850742849082519 -0.683979088272554 -1.14216664891379 -0.390766568234571
GS1_SS_07096_04840 -0.94926911661779 -1.77771471975961 -0.302857641950108 0.222421651285216 1.9726809160851 1.72638627731321 1.19573328286832 -0.385321565095279 -0.511760276472085 -0.490713280067942 -0.700959339892311 0.459088408723296 -0.366222535379604 -0.0914920610404128
GS1_SS_07218_10721 -0.884717662882012 -0.662640420596268 -0.954005762475164 1.80508189568292 2.17994828066126 0.962964992935378 0.984462069988638 -0.46383687330207 -0.586068187456144 -0.750050023159937 -0.0532604677641867 -0.458329357693384 -0.547515578195339 -0.572032905743685
GS1_SS_07326_19384 -0.345533701803834 0.0354529565010239 1.17019588196232 1.36298050375076 1.21444153286459 1.51309967645487 0.406958403898254 0.392736587536812 -0.60342263849132 -1.72947445395396 -1.19378603767297 -1.04524706678679 -0.568026117769508 -0.610375526490248
GS1_SS_07342_09481 -0.260447870887651 -0.554767647788674 0.786984276318931 1.67776234872336 1.30916452565946 0.82579874405066 0.786984276318931 -0.533824589660044 -1.47296716430285 -1.93282087265257 -0.560073222514594 -0.0378929731740691 -0.595257560170694 0.561357730079817
GS1_SS_07351_20578 -0.687837016977271 -0.465151431085822 0.683594294692007 1.9795739505855 0.835185615262808 1.30532511173806 0.684970312730471 0.618462774204703 -0.598166508137357 -0.793102396919779 -1.36529656458113 -1.61756653829955 -0.423870889931897 -0.156120713280746
GS1_SS_07365_11491 -0.0508692825859397 0.525071676975272 -0.0921082384578686 2.22940239503836 1.52208408070249 0.910521855852527 0.493536004837914 -0.285790888791355 -0.58327314012756 -1.09269553619256 -1.2982519416223 -1.15908642490279 -0.763294588361058 -0.35524597236513
GS1_SS_07431_13111 -0.508430433426106 -1.15659340243143 -0.701757914240535 1.05934837194574 2.15089381471509 1.62975925995927 1.04740259418629 -0.331140159253733 -0.636205458785577 -0.772238003021264 -0.193465070576122 -0.532725158944379 -0.986366069359327 -0.0684823707679221
GS1_SS_07906_09457 -0.797810210234702 -0.482335360338222 0.351409268182324 1.58380070381644 1.87164799922864 1.59392598556461 0.76075994457253 -0.226455025873814 -0.960248658851734 -0.836141633995622 -0.554080213868096 -0.917143887980964 -0.909911543875129 -0.477417366346255
GS1_SS_08401_11313 -0.909379070151538 -2.04778635883196 -0.285508985323937 1.18993272156799 1.84251649230815 1.17286514602555 0.637746454018614 0.308442643552806 0.126723162777467 -0.431486954963353 0.118691362522203 -0.203584622720249 -1.39128708546735 -0.127884905314389
GS1_SS_08602_08539 -0.283781862362916 -0.469794565180228 0.797231257204788 1.8853758541968 1.57634516581021 1.01117557993397 0.681344749059817 -0.0543860052144091 -0.662344455636488 -1.08785594195341 -1.03199270212968 -1.53179041161645 -0.694436104045864 -0.135090558066138
GS1_SS_08759_17923 -0.21160356335633 -0.288841533496488 0.597651039918611 1.97099197995909 1.22352775279628 1.80156675513552 0.431215672003691 -0.405944262418662 -0.526435495837308 -0.943919182181979 -0.739113983939368 -0.954084695671394 -0.995942692392511 -0.959067790519146
GS1_SS_09075_13638 -0.844382063567599 -0.545279641227976 -0.0998485797070365 1.14955451568449 2.45529294361565 1.63890803986345 0.38329850953111 -0.7529565027088 -0.626440713530827 -0.849156244291296 -0.261693306240368 -0.857988478630136 -0.40635098216839 -0.382957496622274
GS1_SS_09115_13618 -0.877431884978587 -0.298156465769423 0.391986243816943 1.92536235348826 1.99696928936663 0.587053413968367 0.154942594012682 0.794466607547096 -0.455197883764746 -0.888419845828889 -1.30682657978027 -0.765083071790109 -0.953730309759334 -0.305934460528625
GS1_SS_09141_08833 -0.69652928700342 -2.32681803971316 0.46328809059338 0.901764503565713 1.47476518917467 1.54093658814727 0.925033566940696 0.424748704378565 -0.0673192701792752 -0.695802128772952 -0.636175153874559 -0.447841172183291 -0.321315640081822 -0.538735950991818
GS1_SS_09273_10045 -0.493354167758532 0.261473700329645 0.0890990359799986 2.07101412653894 1.64598070759461 1.01394027164591 0.684932921426036 0.0686344639567529 -0.542154301044733 -1.12224620801135 -1.1616011542099 -1.16553664882975 -0.61440211127603 -0.735780636341596
GS1_SS_09301_01396 -1.08516878827842 -1.83568712194001 -0.687613097363415 0.616142664281757 1.92557103982821 1.81054303571884 0.846198672500509 0.198575252103886 0.0736201736672629 -0.469532607380708 -0.543591733314141 -0.0453471456513381 -0.32299008159753 -0.480720262574907
GS1_SS_09614_09565 -0.447513086282536 -0.676597753233414 0.925739656973691 1.97011468657989 1.72659454746498 0.911304184809663 0.420874708767426 -0.100434125121341 -0.831622171690584 -1.38770166461792 -1.12284213186924 -0.564252122043805 -0.597704759710879 -0.225959970025932
GS1_SS_09843_18601 -0.434680418086608 -1.04487079645291 0.352177613914494 2.1893753058772 1.06711622600852 1.2920543947796 0.130887091123487 -0.134321089267583 -1.57621122755 -1.10809666010748 -0.878294963362977 0.194599307575403 0.441909705024255 -0.491644489475392
GS1_SS_09899_12895 -0.817987124560194 -1.29675504372287 -0.578009160116372 0.952147365644241 1.55922033510361 2.3171705396341 0.719297459550235 -0.276017088029145 -0.68374202563865 -0.255464519787174 -0.398619691645989 0.258112084317106 -0.492472459918573 -1.00688067083033
GS1_SS_10049_13916 -0.853182493669287 -1.39639483509934 -0.339533719346552 0.541984860459377 1.5352042085969 1.65899254377533 1.37355120618742 0.986166533746687 -0.722112491715655 -1.10367183073623 -1.01483549607877 -0.188803217099875 -0.352349452870907 -0.125015816149107
GS1_SS_10085_13859 -0.589980328311969 -1.0361504618092 -0.756508617575022 1.42406935881287 2.0838984294778 1.37693871090824 0.739103942598809 -0.00595304969366908 0.40054878848383 -0.351892005313708 -0.807566819471712 -1.06128680735834 -0.453694204787725 -0.961526935960195
GS1_SS_10140_00336 -0.126149685791481 -0.588393802868829 0.971058796410933 2.57648728905592 1.01827728148873 0.0453279705436639 0.815983350681758 -0.0876293427017023 -1.04951958740486 -0.547388276353903 -1.05685087850904 -0.793421435443459 -1.09040085474853 -0.0873808243591876
GS1_SS_10228_02302 -0.783579756041711 -0.999906881083671 -0.637735152943247 1.70553761505513 2.3290368476322 1.0977614066039 0.633986412215703 -0.012067227383293 -0.192610918207786 -0.578096095914135 -0.697374209972359 -0.532553543273723 -0.73749503015558 -0.594903466531431
GS1_SS_10381_13545 -0.354637870660913 -0.164106218242505 -0.0205666774071119 2.05093104137509 2.03811501094336 1.09955438232622 0.393818306552206 -0.449049294841335 -0.323879397624757 -0.614803288425062 -0.824131785476676 -1.12744450569432 -0.986468170945275 -0.717331531878914
GS1_SS_10574_16194 -0.477357646918297 -0.780109998210612 1.74306540343648 1.3865063546396 1.32193831763413 0.736019252941162 0.417985799557553 0.567927129936922 -0.949421739691622 -1.30382852058831 -1.42579036826531 -0.698323818003683 -0.542643106557161 0.00403294008915121
GS1_SS_10709_07979 -0.941833760385347 -1.73613312651172 -0.655037119028266 0.454253484275709 1.94432271500515 1.68056681861968 1.21975191918758 -0.13176967401524 -0.292751721119479 -0.849973948195923 -0.453733768223718 0.289330257110538 -0.505272276712834 -0.0217198000061275
GS1_SS_10937_00918 -0.941305889085742 -0.801333376591014 -0.398912403168672 1.3390796269742 1.83870373407344 1.52117349739558 0.901017504536995 0.635328939153484 0.0081743206701617 -0.466954596742498 -0.720330765193602 -0.985371309685934 -0.822718065999931 -1.10655121633646
GS1_SS_11052_11841 -0.613718151272761 0.00235968202796301 0.399606294068799 1.77608747704722 1.4832191402433 1.41410221275757 0.537840149040249 0.48043795502668 -0.323778497836881 -0.853870187451975 -1.11276579718664 -1.32363099968546 -1.04364886970091 -0.822240407077151
GS1_SS_11137_00299 -0.693845792113584 -1.11729284227015 0.244140785485242 1.64481460079961 1.87422930991408 1.3377869552683 1.00222514193669 -0.184910375227301 -0.766893261682371 -0.972339269844585 -0.636777456512969 -0.258985074836899 -0.928967334788117 -0.543185386127961
GS1_SS_11280_04357 -0.834104163548521 -1.99817734163957 0.623967453984357 1.16539729033414 1.63279030881009 1.45465183761737 0.947280548378695 0.284346752613306 -0.468420569218908 -0.550728773730396 -0.611284095620992 -0.570717909111758 -0.58188830829546 -0.493113030572354
GS1_SS_11337_05709 -0.52375909780469 -0.29404817427349 0.42888002003792 1.57988358144159 2.05008078099373 1.42804906908621 0.421043400045384 -0.433637967890531 -0.200498523112596 -0.594288677737511 -1.21681017839456 -1.15313764095521 -0.87885594121646 -0.612900650219783
GS1_SS_12263_16885 -0.93175041519549 -1.09278208781033 -0.344513746302256 0.403519512472072 2.00443292927068 1.98445089690242 1.2545190086264 -0.0344396204935384 -0.344748829036 -0.608511656297092 -0.743684228200059 -0.0826315809111176 -0.781297465599145 -0.682562717426544
GS1_SS_12316_17514 -0.808742421872403 -1.52073442734674 -0.629628945114759 1.75876321648984 1.538855211218 0.953708692842494 1.21951054269281 -0.277776136679814 0.677708210863633 -0.855911095466943 -0.488760338839174 0.0249957546364887 -0.83487641670181 -0.757111846721623
GS1_SS_13032_04158 -1.07348689633587 -0.445606332961209 0.614914227471484 1.2206920852254 1.86535433249729 1.39260201783124 0.778637972810379 0.512791541316348 -0.259779882001563 -1.0919058176865 -1.16353495627226 -0.823808184694056 -0.895437323279823 -0.631432783920855
GS1_SS_13108_02336 -0.995314019313113 -0.815198013845492 0.0108761959698606 1.89956250229901 1.60443266201471 0.987408755734069 0.876011708175782 0.54688406766266 0.213054603713636 -0.594573991083949 -0.592403918728917 -1.10960449667811 -1.21159789736459 -0.819538158555555
GS1_SS_13441_11131 -1.13821628748503 -1.63629863315199 -0.374174211047539 0.509651255584316 1.8962962641055 1.67297129933635 1.30279325167354 0.345879614753605 -0.184754036384249 -0.792400963251586 -0.414934400829496 -0.185363104469983 -0.651638561215272 -0.349811487618177
GS1_SS_13472_11862 -0.470090062525498 -1.89119485988093 -0.26204987137822 0.688723077829383 2.12277320809921 1.45034778816408 0.988341207120208 0.411976561461522 -0.485276813506346 -0.887588484821278 -0.61495885877955 -0.447081219924996 -0.0575776518469238 -0.546344020010659
GS1_SS_13884_11242 -0.0654246074982894 -1.17696575998693 -0.019186624497864 1.42799571394351 2.34743301619657 1.30458354348913 -0.0160264745805688 -0.553917255240194 -1.0522230000937 -0.829016621724739 -0.074073438850887 -0.975714107359182 -0.511671040556352 0.194206656759495
GS1_SS_14035_17183 -0.974017605970011 -0.224650169922131 -0.222672947135725 2.3272853730659 1.8461611617071 1.05131760157188 0.422560755494771 -0.379532621523936 -0.422372448562733 -0.573300454591725 -1.02213002710589 -0.472462092485018 -0.723569386358582 -0.632617138183906
GS1_SS_14061_19549 -0.831399810063987 -0.863282151372148 -0.00734886570030345 2.02725306244378 2.02627507651409 0.930930835252127 0.359787052308392 -0.0564437593711519 -0.823575922626402 -1.01037123519875 -1.06807240505095 0.25357778034317 -0.519422298490269 -0.417907358987598
GS1_SS_14268_12617 -0.839677181933659 -0.765993930292159 1.12193471732226 1.60005715019599 1.7774427559996 1.28349206906955 0.660732142232874 -0.250211168801663 -0.801471051452881 -0.856051237853992 -0.656833557489938 -0.831490153973492 -0.569505259248161 -0.872425293774325
GS1_SS_14641_12206 -0.905664957871712 -0.553285681429464 -0.411476600350272 1.85506805951038 1.96138200179466 1.13487683758461 0.709621068447498 0.26378840725536 0.037785542851037 -0.801065756592018 -0.620160580608284 -0.88508806581669 -0.619646158306909 -1.1661341164682
GS1_SS_14765_02725 -0.350192313614096 0.040919475376385 0.963367241270602 1.61749412867135 1.20515921934805 0.618491535862329 0.607122007112605 0.228895684038477 0.318335976869633 -1.61069406766675 -1.9745189876579 -1.02705825851429 -0.652621778356736 0.0153001372603419
GS1_SS_14883_02814 -1.14978181246292 -0.801915579938305 -0.18824633542929 1.47989117301058 2.20386044512742 1.02264742219994 0.40617054062454 -0.150543780537886 -0.488663501532069 -0.893364330100432 -1.14966148516008 0.690945157357482 -0.938687614172013 -0.0426502989869548
GS1_SS_15100_16665 -0.976526049200902 -0.421356089327242 0.482104458580365 1.86348254269997 2.08607427189459 0.904374062493703 0.464100715777858 -0.254215887964335 -0.0645546410593828 -0.464129708818216 -0.892072128418234 -0.90385639643442 -1.242981442678 -0.580443707545755
GS1_SS_15759_04861 -0.569666606238598 -1.0459056385847 0.579065625362037 1.09865928817189 2.22885824262771 1.52558656525769 0.641019723246116 -0.401377830736171 -0.63883544415405 -0.896977518671046 -0.868846651576245 -0.989643904395096 -0.276609161386289 -0.385326688923255
GS1_SS_16053_18290 -0.129407295022563 -0.465557867061007 -0.397710962612881 1.21602528741642 2.65243440081994 0.995404234490694 0.68368803713112 -0.206031596199992 -0.264270809633611 -1.1704777151995 -0.761379859532384 -0.579070957195373 -0.801708439099452 -0.771936458301411
GS1_SS_16146_13026 -0.463245918579493 -0.690122629125833 0.765962265495105 2.27402510618548 1.7050773181281 0.666923206092523 -0.118505703297314 0.00652232913998766 -0.233840551197342 -1.49367357917231 -1.04132496743286 -0.750529431314642 -0.479401226141616 -0.147866218779782
GS1_SS_16225_20539 0.0864176462850346 -0.981005414595559 -0.239299819888018 1.62253259131663 1.97068011536302 1.2358549065062 0.914128064126568 -0.119443498368487 -0.515203292501862 -1.23145145956174 -0.903945093067503 -1.08421120235635 -0.277829980652046 -0.477223562605891
GS1_SS_16509_13631 -0.822655921328583 -0.382318393519883 -0.821309323384214 1.46790718204328 2.51286718687371 1.12317810828479 0.61295214716333 -0.448436352588406 -0.622012827617585 -0.593734270785834 -0.908838189768206 -0.364812620243084 -0.702808704279732 -0.0499780208495851
GS1_SS_16813_07815 -0.829400704151209 -1.07362391709261 -0.666585228856938 0.807926751624972 2.17007312239675 1.81119112403685 1.02921820748268 -0.564538909834473 -0.863798339776758 -0.793856480671474 -0.323755460455623 -0.0586643485680512 -0.285918061267518 -0.358267754866592
GS1_SS_16843_15376 -0.558544831778603 -0.563541079714774 -0.00146318689559288 1.84964667345558 1.96955662392367 1.32554026495129 0.772955243210835 -0.116376889427514 -0.601012939236053 -0.713428517799889 -0.800862856682873 -0.87580657572543 -0.865814079853089 -0.820847848427555
GS1_SS_16961_12153 0.17972930580533 -0.260534348224844 1.45392638887734 2.312893466821 0.582442486482777 0.543014489462412 0.242923623251859 0.156401074234948 -0.517629922446523 -1.03848627990999 -1.67684432690637 -0.91488263845726 -0.813183439793622 -0.249769879197062
GS1_SS_17460_03701 -0.849560628303799 -0.963430981802667 -0.253458365066868 2.32977194002174 2.01888780031054 0.719319797680604 0.284624241863497 -0.113379755603975 0.00139433085916982 -0.704421114240956 -0.602660782463396 -0.323949536280453 -0.86040542387512 -0.682731523098315
GS1_SS_17473_18727 -0.640436091501617 -0.47461364223165 -0.875902684517667 2.32522228056411 1.57866789834133 0.938121668499573 0.94069156310275 0.0180994005623719 -0.613452198168263 -0.0827689626123073 -0.866586816581152 -0.977092284517743 -0.772785663565208 -0.497164467374525
GS1_SS_17598_13313 -0.583279756672072 -0.914159415256808 0.953810535249281 1.53963958267907 2.03730988996165 0.98793649917723 0.687912399644015 -0.0493506127160424 -0.459430945916892 -1.18901561639316 -0.943024293079198 -0.687079563619583 -0.66432892100095 -0.716939782056538
GS1_SS_17699_12788 -0.277378526552263 -0.0486519639121237 0.753728166474067 2.0429560004718 1.57356132774445 1.09406226871572 0.398696775066783 -0.20113633900555 -0.546063344111462 -0.905687638383007 -1.38794243913029 -1.17666890737434 -0.716919330661928 -0.602556049341858
GS1_SS_18040_14000 -0.127680544864626 -0.166003806294826 0.4923244675759 1.26710792346708 2.11081383402342 1.18392565059533 0.870506729596402 -0.111638249382217 -0.553989693332357 -1.16894435349138 -1.23875804679446 -0.72481043226542 -1.10061605791816 -0.732237420914683
GS1_SS_18138_17029 -0.342625209029932 -0.6970107601534 0.274735714579578 2.32591320061009 1.80193971407775 0.842208886786299 -0.464302651475758 -0.384451829870685 -1.46129719551625 -0.975347909748228 -0.593584934074448 0.0236238927320043 0.0383772826285608 -0.388178201545588
GS1_SS_18280_17755 -0.838997664139779 -0.56971306480046 -0.27410513945831 1.21089352746009 2.79634442694102 1.22753471056533 0.143739839965958 -0.643236837429061 -0.499063678344583 -0.528866524451238 -0.581195481143075 -0.722509382403107 -0.258069090284171 -0.462755642478608
GS1_SS_18539_07062 -1.21922842958435 -0.178407176039328 0.394179785389175 1.64080769229949 1.79540423942835 1.4471755170206 0.722890693721906 0.114166789402033 -0.902305507970198 -0.813412493371106 -0.882980939579091 -0.732249306128456 -0.812253019267639 -0.573787845321378
GS1_SS_18712_11754 -0.610877519916554 -0.454204359715357 -0.0716853610354533 1.57959062553792 2.24471253205243 1.42409990428163 0.652262882988568 -0.318223881050167 -0.681823856611435 -0.805979945827478 -0.868057990435499 -0.669999467162288 -0.74094580385717 -0.678867759249149
GS1_SS_19245_15956 -0.494234258479529 -0.16487757853891 0.488847154105442 1.64926621878873 1.54198391261915 1.89923399216386 0.08187172565113 0.0928681620335123 -0.353158025866527 -0.722745570620739 -1.04727454678373 -0.895470083553768 -1.22268111737099 -0.85362998414763
GS1_SS_19363_13532 -0.656594706658925 -0.311511924920914 -0.376764830532847 1.60306209217227 2.40222689123976 0.908986242217632 0.789233718809965 -0.602583874673019 -0.22719637272572 -0.510447749520589 -1.28810597295568 -0.590119836522425 -0.892189466995641 -0.247994208933868
GS1_SS_19390_14419 -0.457662997161458 -0.557022143396508 -0.381129600737163 1.32892186743796 2.22046880122274 1.25910192684036 1.01607482591409 0.308476581780696 -0.720024850868603 -0.752249438836728 -0.74083656393135 -0.561855831591727 -1.1416298767849 -0.820632699887418
GS1_SS_19401_04378 -0.373286427333898 -1.46447569812778 0.0381786581410586 0.249962158017874 1.06724476897107 2.35972921393358 1.05473945754977 0.589824250677336 -0.796651728516218 -1.12925267260847 -0.875515869898918 0.296352829419463 -0.827108212784218 -0.189740727440657
GS1_SS_19411_13637 -0.592224060608691 -0.454348306610666 0.719277014006673 1.79634126649299 1.83957756565613 1.08582475024533 0.3166990284654 -0.146409775904274 0.291093531294338 -0.95156574698682 -1.16294320956219 -1.16294320956219 -0.980389946428916 -0.59798890049711
GS1_SS_19556_05422 -1.17807739504662 -1.34684522333881 -0.476643303788573 0.0679955745540879 2.22191512936093 1.47132424227699 1.287130159557 -0.209446762542892 -0.582439780050865 -0.37568192219768 -0.0222595259787055 0.536539272473054 -0.807156560969249 -0.586353904308665
GS1_SS_19633_08663 -0.375916512150005 -0.117995707100683 1.15602397947226 1.96446154816915 0.644468062508871 1.01186884674076 0.38907971249402 -0.119164532501208 -1.04526385818435 -1.83227296120494 -1.59266375409719 -0.174099326325913 -0.0628661090425571 0.154340611221789
GS1_SS_19654_14095 -0.965015296167321 -0.73036715758647 -1.25492187011363 1.3462288265096 2.36410522287909 0.864919846007577 0.690935859295325 0.482115032896154 0.0648738035424905 -0.710345985352609 -0.0973777762407193 -1.02668050664761 -0.516541038128834 -0.511928960893042
GS1_SS_20512_19971 -0.691237981135327 -0.226550404015415 0.517517565702864 1.88015946700072 1.91896229930605 -0.263176492069469 0.905356606647344 0.660236275742951 -0.113738267166752 -1.36886793066253 -1.05749886167587 -0.75937954030566 -0.481134840360132 -0.920647897008782
GS1_SS_20643_16126 -0.60253419101583 0.27022463136776 1.0591350298932 1.78584970195317 1.05488523648934 1.10375786063373 0.617156515891824 0.513036577497268 -0.572785637188814 -1.0991225502568 -1.51411487614368 -0.597009459590813 -1.17583132119647 -0.842647518333888
GS1_SS_20665_03213 -0.209102463551622 -1.01553735320753 0.115114698198756 2.34250134614336 1.35447113911979 0.585535050498037 0.983696477209028 0.411102425462746 -0.868070158129389 -1.11876438976224 -0.861539468061643 -0.836470044898358 -0.811189954313533 -0.0717473047074075
GS1_SS_20675_19867 -0.428314031800806 -0.344389658879724 0.311001141745839 1.63027276676921 1.86935964311415 1.44924984610804 0.562676674028943 0.318808060157102 -0.897217068877314 -1.0435967890885 -0.863061800828036 -0.628854248490134 -1.07287273313074 -0.863061800828036
GS1_SS_20866_19468 -0.793219495654011 -0.268745916843448 -0.273144297555201 1.8737986268363 1.89912263699488 0.916817611370011 0.436994260996942 0.796861773776744 -0.341157924627944 -1.03313117084055 -1.00114294748234 -1.3796702572211 -0.454677465113012 -0.378705434637276
GS1_SS_21212_14102 -0.982468574349418 -1.60185229241746 -0.548338596730731 1.83688128030068 1.92233502589516 1.0615600702719 0.391028854840741 0.275759860783365 0.287486360178812 -0.256922611754508 -0.243948612423375 -0.657494841103246 -0.717998587984011 -0.766027335507917
GS1_SS_21472_09691 -1.2289156767993 -0.453636057566905 0.101835819433683 1.88381747607383 1.71540467489226 1.13147684182996 0.927348912121959 0.140744983844597 -0.107228347550334 -0.527969983605667 -1.01114050285762 -1.09825057243429 -0.831113025732491 -0.642374541649698
GS1_SS_21852_21710 -0.953694303181605 -0.795928414081031 0.203487218194857 1.79365617970197 1.62894025143397 1.66438545118784 0.592689411570724 -0.50124675338216 -0.271200456940352 -0.433136369541383 -0.956474318848576 -1.31301132813754 -0.495686722048219 -0.162779845928504
GS1_SS_21955_00402 -1.00041656235618 -0.284384183306477 0.844930490836794 1.68453150241279 1.51394854168625 1.04796581970156 0.814974458709207 0.471034830577644 -0.294508212682931 -0.987934882303017 -1.23756848336625 -1.07808034935363 -1.07669349601439 -0.417799474541382
GS1_SS_21974_20657 -0.519397797374893 -0.618618470764458 -0.285370977017226 1.46375971252541 2.06578219494817 1.60442699631821 0.878483335316074 -0.376193478642257 -0.5323760289153 -1.07746175361241 -0.700004542101722 -0.246302313554296 -0.803662933372846 -0.853063943752461
GS1_SS_22083_05260 0.109463342539445 -0.275532638458818 -0.315681195136477 2.24512075030102 2.04028117541501 0.55212166386812 0.243326004727455 -0.032695322431449 -0.413676447761946 -0.624681693852029 -1.26787795899411 -1.20847448227717 -0.701496534434284 -0.35019666350477
GS1_SS_22118_14329 -0.227461205296984 0.339977386133959 0.484068534070356 2.07629697114924 1.44191337735847 1.09124907928317 0.697017398719721 -0.491840833664059 -0.704577174496409 -1.26032695599151 -1.25820171782136 -0.686512650050106 -0.858125632289988 -0.6434765771045
GS1_SS_22600_00162 -0.615240571307342 0.133916171894762 -0.0812599268020671 1.89062198712313 1.85215727967996 1.41999497840662 0.594135083303122 -0.611846626532944 -0.513422228075404 -0.74986704735846 -1.25567795023623 -0.748735732433661 -0.759155142891062 -0.555620274770418
GS1_SS_23131_14415 -0.809377879490605 -0.206174836522727 -0.390323926172963 1.72841082136791 2.30228263814496 1.45677816142677 0.076935259753952 -0.518616158990233 -0.357549469081473 -0.635686009612751 -0.998117943675058 -0.588756047707428 -0.649586460285795 -0.410218149154567
GS1_SS_23456_12958 -0.736787620240599 -1.54776862374154 -0.330090301520635 0.902069824334211 2.21991395502323 1.39324433091886 1.0625764812771 0.087589051621737 -0.57507414632821 -1.04452594746194 -0.701789928125232 -0.077624191502189 -0.313194863947699 -0.338538020307104
GS1_SS_23514_11050 -0.434802070423693 -0.623868658355929 0.0827844752631351 1.86573156571629 2.19648635311548 1.24757768602296 0.249055800820562 -0.247970312136047 -0.294901734672417 -0.614929339777572 -0.784776392766341 -0.780306733477163 -0.999320038646892 -0.86076060068237
GS1_SS_23569_16523 0.338942008600744 0.0611420329068465 -1.14552914786257 1.83630349330774 2.1957219084198 0.888413571419 -0.653674184538044 -0.0537134721528599 -0.0862804356645387 0.0820857703840541 -0.863477069562775 -1.16088057847414 -0.636982549666738 -0.802071347116512
GS1_SS_23734_12829 -1.34220967420859 -0.81046480700544 -1.09889085650796 1.92416112098464 1.70729942962936 0.950018403416724 0.0140433435273355 0.787805858282975 0.685013416580572 -0.431694176884307 -0.426619613306594 -0.470685908989987 -0.861210442782575 -0.626566092736162
GS1_SS_24007_10800 -0.728137184630214 -0.658452002485972 0.739082501197373 1.73693052823665 1.50890309975418 1.08568419249072 0.75550047604811 0.385183932192584 -0.00392207176989841 -1.39890266825424 -0.545167976015883 -0.730508669886432 -1.39525422939852 -0.750939927478461
GS1_SS_24246_13397 -0.252515928346572 -0.723105690564069 0.850910612391179 1.77740714892547 1.04472605268044 1.39858606108736 0.568997244697702 -0.507706258060772 -1.91242771052093 -1.43523060374811 -0.293628294468537 -0.101721642606363 -0.234162193470694 -0.180128797996111
GS1_SS_24541_12529 -0.709552403967041 -1.14581677087494 -0.634536457094436 2.35785046084771 1.87156217612625 0.786780563938175 0.195063384701283 -0.0502730409102412 -0.390276243260574 -1.07406931903079 -0.475177394609485 0.230538513668668 -0.556889770320878 -0.405203699213704
GS1_SS_24594_02837 0.0667325481951661 -1.03217040053329 -0.241863485351866 1.20703252581408 2.53884603102722 0.616184022559394 -0.0859973993021963 -1.41687006294964 -1.09175703302713 -0.776052418761532 -0.273224870874938 -0.003516955376516 -0.294132461223653 0.786789959804908
GS1_SS_24596_08953 -0.728468697429933 -0.696513991740585 0.193301658993574 2.1096385948607 1.21906661973153 1.24270175707572 1.00067795067119 -0.0175237661166227 0.0866599192965778 -0.468009483896932 -0.944966555502736 -1.14066549271265 -1.32880118597242 -0.527097327257413
GS1_SS_24647_08488 -0.468071780488114 0.656138174320731 0.540785293109049 1.48603806970477 1.61100369101743 0.829167496138252 0.247276295359326 0.606472350465701 -0.149569658475861 -0.551862831701599 -0.905131030412374 -1.90565706258869 -1.42662218089018 -0.569966825558433
GS1_SS_24851_02403 -0.425964952541023 -0.55293008941706 0.333668694059536 2.07420047336986 1.90778985707603 0.616566741759054 0.753701416297492 -0.384978634083468 -0.00423730735933375 -0.953548239754069 -1.19730897584374 -1.16926570532015 -0.220108856829391 -0.777584421413737
GS1_SS_25033_10293 -0.574809384106771 -1.50974908974697 -0.519135655727262 1.56105053579301 2.03179960036321 1.04657864788811 0.978079557997095 0.265543280386039 -0.416387020890732 -0.61488863883024 -0.170373268260856 -1.17308335006983 -0.635875594030893 -0.268749620763916
GS1_SS_25070_08572 -0.292848002182363 -0.125441224898457 -0.40818369131406 1.82584310296046 2.44219475863968 0.954449382862263 0.213693875760899 -0.257992253378435 -0.347682046032445 -1.044797022111 -0.693405733355958 -0.813842263776034 -0.747247946955522 -0.704740936219024
GS1_SS_25251_11076 -1.29741257905865 -1.0227984447983 0.0180777092530375 0.791869471435029 1.87615237574042 1.03902219226935 1.73220141826523 -0.269381279674331 -1.22875904549356 -0.127202026291149 -1.15789088181347 -0.0932738929293052 -0.305258287537377 0.0446532706330715
GS1_SS_25599_09051 -0.359155657893091 -0.270149520609323 0.295834148796925 1.26123285926408 2.32294892543475 1.37566932148607 0.329815420495621 -0.44736709752254 0.0389878669209078 -0.975046339990595 -0.902728853447533 -1.37239516715027 -0.77080904283052 -0.526836862954476
GS1_SS_25812_18625 -0.652366424328446 -0.814221265840861 0.323781379521624 1.629912309866 2.47306311216323 0.947361660387286 -0.024520201903542 -0.486120172387399 0.0480008046035712 -0.425142301864117 -0.248356664894355 -1.17306223229474 -0.772440132334168 -0.825889870694081
GS1_SS_25841_02609 -0.472598120494714 -0.442316541113374 0.739270686346534 1.42227170929267 1.62440125166312 1.16790644248941 0.935495320737621 -0.0425996932796788 -0.00323364008393602 -1.76335044162435 -1.3848306993576 -0.74740345338038 -0.595995556473677 -0.437017264721639
GS1_SS_25929_08177 -0.707317958922961 -0.908874736187689 -0.814374345535702 2.21228152289857 1.13510923784445 1.42654051251247 0.305091820649378 0.691023485969381 0.0949440987799236 -1.25912093930345 -0.250279705951532 -1.01262691333707 -0.207721488063504 -0.704674591352276
GS1_SS_26070_05797 -0.781774266090005 -1.49568792163857 1.01590589286584 1.4365915965914 1.64443036688439 1.31138751810165 0.10567224224535 0.46250386594114 -0.112182854326817 -0.0711159165821786 -0.892204263317966 -1.05246548378485 -0.430952438161723 -1.14010833872767
GS1_SS_26266_14997 -0.557660136138519 -0.867888460534647 -1.0971286419066 0.232464410050746 1.48634787579183 1.88299371592883 1.63867194367714 0.174701916981364 -1.29620564151909 -0.943296414933317 -0.225005486104226 0.319032741700419 -0.0525776575762269 -0.694450165417706
