V3 V4 V5 V6 V7 V8 V9 V10 V11 V12 V13 V14 V15 V16
GS1_SS_00133_18900 1.43121344290981 0.436796801164129 0.34022152642253 0.119289048589011 -1.6711018895429 -2.16059300809621 -1.08238959830987 -0.152621062852403 0.809427427450205 0.768416009409252 1.29120134368398 0.147511959929021 -0.105612276151698 -0.171759724604847
GS1_SS_00449_11300 0.567145369536241 0.342020462554126 -0.127992224923801 -0.82055205327336 -1.59731890789867 -1.98054680299036 -0.925381208432971 0.707203994872442 1.41351190914457 1.27689030528901 1.11277252958831 0.351472271625894 -0.157808386268379 -0.161417258823054
GS1_SS_01306_09932 0.119760538643334 -0.191358859024814 -0.294892768398574 -0.0603884636670083 -2.18956330993838 -1.09404513137728 -0.149298208341725 1.43153517040887 1.54930499232152 1.35453182531214 0.63104333747764 -0.147356947540967 0.103712782690401 -1.06298495856516
GS1_SS_02633_11012 0.931670474299943 0.434308225158969 -0.0372405122084068 -0.0776049525932363 -0.6911280047154 -1.67927581209962 -2.42737440171662 0.0552442035409478 1.40683639166107 0.823155074487367 0.560087438578092 0.790271619998708 0.224018533703992 -0.312968278095816
GS1_SS_02959_16437 0.465937336741109 0.171724486253036 -0.191812613137411 -0.678989233640345 -1.64657613269478 -1.87417127106105 -0.424021166470564 1.33615042389452 1.6627802035499 1.17560358304696 0.75424501607157 0.0793331625162426 -0.421868239486018 -0.408335555583159
GS1_SS_03201_21192 0.841512778637273 0.232551699665115 0.342467911014861 -0.0766315129757741 -2.36058650487919 -2.08684881377829 -0.658499579444099 0.639297832980428 1.10956514846146 0.711592659091691 0.428730378287427 0.557878417165801 0.334957671797478 -0.01598808602419
GS1_SS_05550_13006 0.633059327605222 -0.000110171250570067 -0.0819593847038984 -1.02476262964864 -2.01659572915172 -1.11260778573233 -0.809031269591944 0.973203943603703 1.49006032707287 1.20200993154262 1.06717783150719 0.571772009407297 -0.214544283072075 -0.677672117587725
GS1_SS_06140_09921 0.676608039296779 0.445114970464931 -0.167924846164562 -0.872022878234836 -2.02414443040812 -1.50900288296144 -0.540280271746352 0.55883086392619 1.43328898450891 1.2687001913413 0.886084685146466 0.74714609351147 -0.166107956889335 -0.736290561791417
GS1_SS_06528_02894 1.03705610689766 0.639326946195197 -0.127053697074341 -0.195013021452073 -1.30107887788178 -1.62639236506699 -1.94167906668827 -0.359675122157462 1.14657088700145 1.06078616606562 1.18556394197228 0.55833280058436 0.14055006875404 -0.21729476714969
GS1_SS_07178_19847 0.545618058578176 1.05060132589287 -0.0840492216456577 -1.10859259285732 -2.55846723148764 -1.13201965165027 -0.680788469232735 0.623708254554675 0.820235247762197 0.835853286957496 0.828044267359846 0.788999169371597 0.0172077324705356 0.053649823926235
GS1_SS_08755_15279 0.548879065782237 0.9109989606194 -0.832495809890375 -0.687511460281371 -1.11782719218768 -1.24296655320956 -0.283110146461338 1.48623084629764 1.86233088773398 0.835301581472648 0.816274942930356 -0.65409550011749 -0.745818900975491 -0.896190721712956
GS1_SS_09452_17912 0.742595776691319 -0.143040346812744 0.283220610760844 -1.07902358302268 -1.85281477830094 -1.39124326181618 -0.0991133357270789 1.57315418629566 1.88773916568608 0.438823600029681 -0.2305564688988 0.492887613673577 -0.105871337432566 -0.516757841126172
GS1_SS_09508_21559 -0.133265230803479 -0.345127935031199 -0.0136862811780177 -0.787050140168775 -1.65031483991056 -1.56474656979813 0.0930032707975979 1.69334655043183 1.58936485510534 1.28933433838204 0.755345007174135 -0.0596115299472167 -0.26389223555738 -0.602699259496188
GS1_SS_10428_12424 0.570489371415341 -1.20735249006795 -0.377219208089017 -0.463139617819133 -2.25906998661403 -0.251245675026065 -0.538077719538632 1.02967904988276 1.91420705742016 0.965852459797528 0.671268197865703 -0.18121731100543 0.42022555710538 -0.294399685326605
GS1_SS_11521_16969 0.843696186662758 0.165373271556774 0.704121040062814 -0.97016585064929 -1.54629762317857 -1.95211082474669 -1.02919322542283 1.72480272885536 0.392997585527256 0.836932633303289 0.551018786743932 0.597133923285764 -0.0540118046848996 -0.264296827315652
GS1_SS_12134_13913 0.199672835945923 0.0638493554317367 -0.260402255192606 -1.01001851193518 -1.80986789718539 -1.60936656880731 0.126802460685931 1.41324485469886 1.99103362894969 1.00146255663205 0.0110291130095533 0.0187904547532211 -0.146181175864962 0.0099511488784883
GS1_SS_12927_17042 0.418155382652339 -0.138346541830616 0.0393347031750027 -0.897248051459087 -1.92475552394111 -0.998060105362984 0.00133631362661074 1.57361661585854 1.6094824427282 1.23822266729365 0.706051344281737 -0.127005185766427 -0.580271689665103 -0.920512371590755
GS1_SS_13493_02002 0.933190447786738 0.00364180547870323 -0.12817378794558 -1.879082802487 -1.23492735537588 -1.35679460212664 -0.79968718840891 -0.033415785880199 1.45112624647744 1.41755057645427 1.08801159289356 0.435151342443102 0.253594015651165 -0.150184504960767
GS1_SS_14288_09143 0.352731689981002 -0.465159236364347 -0.596792860200399 -0.689542242016262 -2.38183292234536 -0.938819974853909 0.0718398566906802 1.47464671824058 1.5781911587476 1.09847196895178 0.593582667819938 0.073492161592388 0.0233722462405855 -0.194181232484271
GS1_SS_14506_13257 -0.418958509080929 0.0562397924177322 -0.259558274689649 -0.140281044503024 -1.98721298408235 -1.44041195172414 0.63670411628552 1.27812629234632 1.82765678077288 1.05522071343157 0.713128886199147 -0.64159114238884 -0.156657780913087 -0.52240489407116
GS1_SS_14512_14250 0.809279278301038 -0.395724024755646 -0.293057593784698 -0.852507389791173 -2.09312241007285 -1.17871445833506 0.19593521417926 1.50543694205889 1.29419683463505 0.836198371636465 1.19605430684964 -0.442458561796318 -0.0348399297275775 -0.546676579397016
GS1_SS_15620_05080 0.456053902493974 0.853908185972169 -0.593075649141274 -1.10696129798947 -1.54662322747565 -0.983128868237544 -0.714938878175429 -0.596483881152795 0.750903840735096 1.65635747846246 1.8267690790385 0.583900472170577 -0.0666931495841722 -0.519988007116439
GS1_SS_15970_13339 0.651859929420437 -0.381244802748443 -0.270002851600178 -0.651299276259692 -1.53656931019206 -0.638034405440204 -0.0849258850146064 1.81733892418104 1.46055964007065 1.30778492097723 0.573459968783872 -0.543808081687972 -1.53547152777942 -0.169647242710666
GS1_SS_16175_18631 0.974244099115867 0.501118040521609 -0.233786098942146 -0.694075404008653 -2.57099215195913 -1.34233145716009 -0.636310013133772 0.635445497079862 1.22043469355881 0.902266588263833 0.564843352677231 0.370458227828427 0.49735870555991 -0.188674079401763
GS1_SS_17857_11856 0.823468923063223 1.32374658331829 0.197224649644931 -0.649156149455184 -1.76907470511657 -1.68725023844645 -1.2343446378425 -0.379207185291723 0.475284284627448 1.10985455640867 1.06750680611448 0.649771371009095 0.506937433576155 -0.434761691609862
GS1_SS_17924_09495 0.726470529364542 0.654417868693228 -0.0123645403060669 0.0540774623621533 -1.29572873406645 -2.29619764535502 -1.73513184504561 -0.224033995917535 0.746550779059827 0.994600922354515 0.770174602230749 0.588271163814644 0.432353930886554 0.596539501924467
GS1_SS_18314_06609 0.8188258262653 0.943340296674101 -0.0221022690236537 -1.25353248387842 -1.38125764553845 -2.16517082522689 -0.311559416635698 0.529830085799753 0.764525070350059 1.24030129753367 0.935357474070349 0.624027392524025 -0.010607004474251 -0.711977798439893
GS1_SS_18919_10287 0.856911441424801 0.517225659503819 0.39603956551444 -1.51210262575472 -2.22330418965955 -1.36289950045999 -0.465691373687738 0.538611440796063 1.06413800433414 0.992852066693325 1.04424425429484 0.0522092523352719 -0.0732871541626214 0.175053158827926
GS1_SS_20068_10354 0.206076969637177 -0.0363447011286754 -0.281957777472499 -1.19244701589355 -1.61483893062497 -1.38408779202169 0.134958686512399 1.26133712579618 1.49287047164895 1.06969634966803 0.89604634027845 0.883531024286409 -0.307316936501374 -1.12752381418483
GS1_SS_20363_19225 0.491323994823546 0.694073530225917 0.671136592001554 -0.395011292169853 -2.62858704747739 -1.51288237824035 -0.582947952473372 0.42795630244455 0.738024711734939 1.26554721068488 0.428687468125846 0.560378531390402 0.303658136624211 -0.461357807694871
GS1_SS_20404_02424 0.219609298528061 -0.632323325072174 -0.802709849792221 -0.460290553736475 -1.52376586744807 -0.862797851263542 -0.119517504296381 1.33000264078576 1.92512079234418 1.62468078498758 0.836951779397796 -0.43230436127038 -0.602690885990427 -0.499965097173703
GS1_SS_20816_04573 -0.209656885496592 -0.521975410577046 -0.31276682918344 -1.08235553930992 -1.61882611588352 -1.472380108908 0.400036694564773 1.014213315656 1.66724295900604 1.13839355218321 1.0076381888122 0.696664576040706 0.199794195230893 -0.906022592135307
GS1_SS_21557_10314 0.436896346770034 -0.575244162892537 -0.478424509479703 -1.01718479489134 -1.87820090088738 -1.01718479489134 -0.0799514955567757 0.733428864602697 1.72901595258706 1.42057449829525 1.09426963931473 0.453568857812835 0.0134145662829062 -0.834978067066447
GS1_SS_22402_14792 1.02805175664963 -0.101045128990776 0.310698016169144 -1.21479754959416 -1.80172333726001 -1.57794988880353 -0.77108676894046 0.0117366890312888 1.11628243061247 1.15720100404451 1.32471141403193 0.704539285452546 0.203286760910034 -0.389904683312596
GS1_SS_22459_13615 0.415446366921896 0.208471889020301 0.319170745137304 -0.136237020135418 -1.71533617629252 -2.05194932614792 -0.890847005444167 0.485432075610186 1.36424805228963 1.43668379339775 1.11604911584562 0.155210314676092 -0.217088089989927 -0.489254734888833
GS1_SS_23190_12453 0.522192540153553 0.638085549627664 -0.135905551223443 -0.208489899537082 -2.73563495999029 -1.42911669034478 -0.544797380056944 0.798013063745382 0.842773411872127 0.512514627045068 1.20388054473248 0.0407163630064128 0.602640192867837 -0.106871811897987
GS1_SS_23503_17871 0.7605129720547 0.883348045711813 0.335377169331147 -0.195613564514566 -1.49748470546576 -2.15411043008872 -1.18859062318096 0.177227011997613 1.1362437855941 1.36384995148817 0.941152786256337 -0.0736816899284606 -0.210606669093302 -0.277624040162109
GS1_SS_23686_11650 0.356812657325881 -0.660833834683987 -0.652676711039447 -0.358113912764414 -1.27261810802444 -1.45026213406107 0.473006351906986 2.1125882044594 1.87693796583937 0.660620195731392 0.0979146163189173 -0.504942138366123 -0.243914181740863 -0.4345189709016
GS1_SS_24852_20045 0.221425438037318 -0.208912719600938 -0.745852200559878 -0.0317268307417045 -1.94123597177726 -1.33060703236751 -0.377021971513353 0.708272646678577 1.81257955913653 1.3727197299007 0.824188648736019 0.6803286104683 -0.0613268098385158 -0.922831096558295
GS1_SS_24921_21463 0.500806177616214 0.228738113094981 -0.165354299622953 -1.22028350963577 -1.53830333788664 -1.38980068680914 -0.386707307832813 0.228317822573064 1.63629107099654 1.27063831692835 1.22720829633022 0.923198152143257 -0.36905510591228 -0.945693701983029
GS1_SS_25110_09074 0.431723228809497 0.237189398147437 -0.0869716600207937 -0.927781840157668 -1.08958340103338 -1.68657536702306 -1.31461775581454 -0.55619618656035 1.09566756481672 1.48622305658567 1.76891084110415 0.465199413818264 -0.0685597582659716 0.245372465594025
GS1_SS_30709_19863 0.4231962384869 0.243290979406608 -0.0451538061464348 0.446653498786872 -2.32667055583098 -2.20739635091587 -0.263624391482613 0.366938571835273 1.00903137496162 1.18794268233429 0.754579737809383 0.0520546708593805 0.224803477644766 0.134353872250807
GS1_SS_39496_16791 0.0619443710745896 0.466229594551313 0.349189348917987 -0.843941905116388 -2.26383863506533 -1.62116228627519 0.483210880190077 0.719642626391327 1.6405508091089 0.725390138453678 0.684373802372356 -0.582691356827714 -0.355664630364856 0.536767242589255
