V3 V4 V5 V6 V7 V8 V9 V10 V11 V12 V13 V14 V15 V16
GS1_SS_00022_20026 1.46761650187948 0.909207852703907 -0.243292130376508 0.113872941415985 -1.37177817397088 -1.68091536679127 -1.62206430382546 -0.269166304611476 -0.30637099958986 0.483383207451305 0.266073966327558 0.385298102508291 0.145158707647808 1.72297599923112
GS1_SS_00054_14737 1.58372872779098 1.0781990488231 1.20177297034859 -0.952657217055263 -1.22926308584361 -1.40176728740747 -0.777656572632309 -1.26196648729783 0.265362246785655 -0.401692278051753 -0.410230112629877 1.02202908449334 0.50975900980589 0.774381952870557
GS1_SS_00270_03274 1.23925172204189 0.446649562631913 1.07211352899224 -0.575115483433404 -1.88516975959128 -0.913256336424007 -1.31709312656707 -1.21854922083838 -0.235622067030839 0.226761396515739 0.398730173179531 0.568766716397663 1.39962709803171 0.79290579609429
GS1_SS_00292_13707 1.11664884040832 1.02118766974215 1.0506900182924 0.104929016195813 -1.52865816924375 -1.69724301810232 -1.2631370322915 -0.898993758756984 -0.765811728158713 0.00672834173569485 0.298801592383171 1.13666829121028 0.689918441735059 0.728271494850384
GS1_SS_00451_13534 0.887512918838774 1.80105693048245 1.0402167565622 -0.281073291949997 -0.780620232432373 -1.05387973151641 -1.10388800585858 -1.2047975594419 -1.25837785337995 -0.34787005839276 0.258301667026327 0.0229055756585144 0.460567276642449 1.55994560776124
GS1_SS_00460_09519 1.07779285927659 0.925568724262417 0.316538066025076 -0.797849896823208 -1.66626511639748 -1.6461473893031 -1.31085193773002 -0.728779033799154 -0.0644246260522559 0.296755634382265 0.534614227728207 1.07108695024513 0.999333723608494 0.992627814577032
GS1_SS_00526_08262 1.00213046369655 0.911180132462589 0.542230675570122 -0.240285381839017 -1.67489815375577 -1.14807265019304 -1.69205859361124 -0.25744582169448 -0.391297252567096 0.415243420639692 0.181689834206832 -0.210391895610799 0.547378807526761 2.0145964151689
GS1_SS_00603_13644 0.864826705849341 0.737764809334754 0.860419934871957 -0.92211892548008 -2.40426289754041 -0.834717967761954 -0.206532764935791 -0.86057102416261 -0.493971746553992 0.0451673040558211 -0.0650019703787918 1.21222715123315 1.00951568627347 1.05725570519513
GS1_SS_00658_00816 1.15005550639938 1.59993038540071 0.93582937354161 -1.05264819537752 -1.17582822177074 -1.26610923490366 -1.38775907463361 -1.00444731548452 -0.347232143610135 -0.0450202776143457 0.218936921799699 0.58847700097936 0.667128595471429 1.11868667980235
GS1_SS_00683_02259 0.911458230363502 1.27344107106707 0.905217146903096 -0.0174230246603009 -1.31140766211787 -1.72435935108142 -1.71707808704428 -0.922380126419213 -0.298479816493931 0.138292007676836 0.542194125622796 0.39344830314978 0.844886673452501 0.98219050958144
GS1_SS_00756_00145 0.658479580325985 0.263798953850783 0.653862501597553 -0.403289317601858 -1.1802322208689 -1.42541502230972 -1.19933737422792 -1.24073187317248 -0.839523652632941 -0.0406098230030239 1.01303938474723 1.44195007765736 0.9882026853805 1.30980610025743
GS1_SS_01009_16074 0.847095997422358 1.21127668414711 0.562955022065686 -0.127387488483974 -1.26395138991066 -1.8262303622714 -1.88826113858166 -0.555259775529869 -0.257251920178678 0.262005707321718 0.649798108900049 1.17125682846307 0.677011610765195 0.536942115871061
GS1_SS_01021_13234 1.1542183464908 1.21073762580806 1.08308201217769 -0.784003145957988 -1.59476246306075 -1.65907750504246 -1.47977496376012 -0.448785351386655 -0.159367662468963 0.360609707249826 0.716681166948562 0.469165702352287 0.880392182902004 0.250884347747698
GS1_SS_01141_13649 0.911503095255597 1.1553390021801 -0.170518741721892 -1.17198764516182 -0.470959412753871 -1.4704036073238 -0.795130542584753 -1.78375451878491 -0.425893312099074 0.761282759739607 1.36651831442722 0.885377819513686 0.817887523847082 0.390739265466834
GS1_SS_01151_14191 0.623827115083857 1.66926658873008 0.993605446464575 -0.180304807753257 -1.01298579293962 -1.0884368862912 -1.93335318391295 -0.845769856322602 -0.657481992733523 -0.0915987925966697 -0.0558580854937318 0.304349512604192 1.04526565452512 1.22947508063573
GS1_SS_01161_10386 0.775641424752276 0.528576343839397 0.807014164748139 -1.72181881673661 -1.08384939547527 -2.09448894032384 -0.0881546831338312 -0.0600142860466325 -0.833875205944598 0.757578332027385 0.428830044434367 0.681523204764686 0.633988750225499 1.26904906286904
GS1_SS_01284_12339 0.122056414917098 0.825931044094985 -0.154127576352253 -1.1854775094638 -1.31173304832979 -0.80276540727627 -0.735692152253714 -0.972421287627443 -1.14996813915774 1.21495592322581 0.209251646446421 1.37119715257247 1.27966188689463 1.28913105230958
GS1_SS_01380_12152 0.662451967446521 1.15924737838281 1.18364358159843 -0.258504703943189 -1.11736194896586 -1.65186058305357 -1.93796151167313 -0.399115547931407 -0.551813601694637 -0.0561271090863291 0.458632778763283 0.758927861981024 0.534039225066113 1.21580221310993
GS1_SS_01464_21708 1.14452884459519 0.748260478390696 1.16588659235911 -0.18063725897257 -1.14567887716709 -1.91620070034249 -1.22782406087449 -0.87131396358438 -0.511518058945973 -0.432165811484625 0.392736123305074 0.62372837989028 1.26774662015629 0.942451692674987
GS1_SS_02248_01200 1.26672059901323 0.69001709490388 1.2510988336649 -1.58555339083686 -1.84331251908438 -1.20151832602364 -0.866040915168151 -0.350262295917303 -0.192612647277026 0.289969720608611 0.437465221772471 1.0271868636721 0.837122051934032 0.239719708738135
GS1_SS_02328_19965 1.00848193078419 0.6360525317097 0.00172116812475508 -0.5176204731653 -2.06294503964767 -1.0489759660384 -1.37643923490206 -0.824488567886589 -0.223795988734178 0.322593981262854 1.20413608513669 0.934339303871669 1.03525565716927 0.911684612315063
GS1_SS_02395_02574 0.592598047817518 0.549159505035733 0.109068716374904 -1.28563267515011 -1.26099588969178 -1.90155231160825 -1.07557166229491 -0.346452480020351 -0.325705713318603 0.868270710366995 1.05356527047198 1.28307637711007 1.0561586163097 0.684013488597095
GS1_SS_02472_08575 0.710681554390453 1.00277437339647 0.441000220769989 -0.34828768396954 -1.31697368736404 -1.39663536527477 -1.61012866207553 -0.957965058913006 -0.574526849236017 0.303865297635929 0.179178839370051 0.759540716842368 1.34903713338178 1.45843917104585
GS1_SS_02492_13164 0.930408633228008 0.695379117013941 0.473893674615599 -1.0122364640668 -1.731931366824 -1.45972204013539 -1.1556443044686 -0.82500956132 -0.263328853079601 0.396838517407111 0.687412014769396 1.11365198485254 1.11763553597481 1.032653112033
GS1_SS_02497_17952 0.488551864412785 1.21217795528138 0.184966905695939 -0.857300482935178 -1.65467190790503 -1.90048968824256 -1.09128828259396 -0.0860471971261854 -0.327255894082384 0.333379390574721 0.476260975395909 1.13843262118012 0.863423979427514 1.21985976091693
GS1_SS_02525_04308 1.56345970947226 1.86033356730083 -0.0791605204139104 -0.438108003061179 -1.02989291635251 -1.33363658246141 -1.17121468669073 -1.29830613987685 -0.519564301242241 0.175267736254044 0.238568112551375 0.930455946498948 0.259668237983819 0.842129840037556
GS1_SS_02582_13495 1.3247730692777 1.24276587928766 1.84500618077701 -0.206839340020635 -1.64286211848683 -0.884295611078972 -1.29817564805995 -1.18029031244927 -0.221062462034532 -0.260015877279801 -0.00848444923222836 0.30993409315097 0.521358879844039 0.458187716304837
GS1_SS_02624_07428 0.92495672626006 0.620978284184658 1.09221392053678 -0.0106140363280234 -1.15424967965701 -1.4028337665637 -1.03609551489272 -0.910269001767107 -1.36140308541258 -0.422307645987308 0.0684157552025646 1.18581657054486 1.08454157217547 1.32084990170405
GS1_SS_02679_17336 1.25272997062065 1.48104207504603 0.816698618247469 -0.608685186635704 -1.58013080742606 -1.5138755300634 -1.58639819852793 -0.539743884515099 -0.103175327190328 -0.0417548943919699 0.392217172333454 0.533770677077191 0.624200177261362 0.873105138164328
GS1_SS_02772_14664 1.03522028246677 0.985255191025327 0.801512596692263 0.00610057648728637 -0.960949591704778 -1.26962103241289 -1.64194155250884 -1.92883788401134 0.303473459421062 0.809571482408625 0.991702299598417 0.7934537109759 0.040753785067645 0.0343066764945551
GS1_SS_02842_13565 1.06839926281964 1.14574259907319 1.31841609396483 -0.128983503319579 -1.74833712260025 -1.27528369388669 -0.633154134758401 -0.312988696313484 -0.913388827509627 -0.9461248442495 0.021746068262916 0.0207388062093815 1.05221112267355 1.33100686963401
GS1_SS_02865_19960 1.72683912790318 1.76461259556308 0.654747172570069 -0.281630109670663 -1.74562179197529 -0.755687128802478 -1.66198054215693 -0.335592206327671 0.277956832662511 0.458729856463488 -0.22793782349694 -0.323504696676501 0.647597194763016 -0.19852848081887
GS1_SS_03087_06608 1.60768487392219 0.9384713912928 0.320416790599951 -1.07469974653447 -1.45263022570534 -1.50179191405277 -1.11003471003418 -0.535457477473592 -0.298544228721804 0.352986409130123 -0.180110648887323 0.899449301167027 0.650875514460333 1.38338467083704
GS1_SS_03164_11963 0.35481165605934 0.410654305125162 0.0285310350890378 -1.44810815663719 -1.34440037980067 -0.957291158955096 -0.615055495394559 -0.811262631647972 -0.890878294173244 0.184092700343827 1.3440242966539 1.8366362366274 0.855401117327957 1.05284476938211
GS1_SS_03190_19788 0.812428850379537 0.689910675829857 0.652571803586144 -1.38823093248425 -1.30771898920874 -1.67177299358493 -0.821380178234391 -0.986838055864341 -0.344492769296731 0.32702351121128 0.953616461051073 1.06913359705506 1.16248077766434 0.853268241896097
GS1_SS_03204_01802 0.871732827828234 0.97977354829674 1.57955100585088 -0.232907809485279 -1.9898316750479 -1.52535754966928 -1.2032548409828 -0.798354570815779 -0.081448855557466 0.180373189465746 0.348694573597522 0.489046537570628 0.642524944217478 0.739458674731278
GS1_SS_03430_04742 1.40656648794992 1.89091673836438 -0.210153405907523 -0.386812163014775 -1.53996518964685 -1.53347038240026 -1.38668773862732 -0.249122249387064 0.0174895880854606 0.12984975345147 -0.1499140686954 0.405229580706891 0.643913747019078 0.962159302101994
GS1_SS_03649_16448 0.804738330999924 1.17625633792484 0.8459237557676 0.287585265360447 -0.817203139232262 -1.35643498928328 -1.28106990787851 -1.29486914813572 -1.15581526554382 -0.407471851595074 0.115413206151245 0.417298123778231 1.106198656619 1.55945062506739
GS1_SS_03799_07264 0.690970446843569 1.43248208022384 1.97741164596346 -0.821930578038519 -0.886439373982774 -1.26330655028868 -1.06808256256265 -0.614823391059598 -0.0629336657575703 -0.643682589245185 -0.183616042170124 -0.37376420621528 0.300352711402177 1.51736207488733
GS1_SS_04042_08798 0.822619976602158 0.913121877005732 1.17568911891733 -0.359491265706248 -2.02092738792988 -1.59076403415981 -1.27009680680393 -0.592706841894371 -0.0231817345769189 0.1368166868773 1.03043915530666 1.00138916258453 0.469550834286982 0.307541259490461
GS1_SS_04061_10634 0.997077641636534 1.33509162941975 0.324361289599058 -0.59955883619704 -1.32562658522516 -1.51290460548343 -1.54259502332926 -0.861245611333533 -0.506856216169197 0.201831219027642 0.748134907390786 0.923993536169892 1.24602037588228 0.57227627861168
GS1_SS_04638_12039 0.773004466833716 1.28230310620442 0.891355769697005 -0.447954137950996 -1.84430549320852 -1.63767575952097 -1.54551695811103 -0.518770901139685 0.0493153526040998 0.256527141879497 0.550756241538803 0.912697807918253 0.649802700738326 0.628460662517077
GS1_SS_04927_21649 1.53916747387537 1.99379182829317 0.808369446213115 -0.0554168271807008 -1.00141787868652 -1.49874293181365 -1.59646592388477 -0.441210204574496 0.0191500645953025 -0.24109051211582 -0.566125681395835 0.551315488808659 -0.0753863081691461 0.564061966035327
GS1_SS_05263_17207 0.92925491708848 0.566022461427914 0.200157317047178 -0.697707418115514 -2.09263950119103 -1.3725794892936 -1.19281007295358 -0.324415733912207 -0.287086565491876 0.448298052388639 0.972281695425598 0.33965052535473 1.25716219126496 1.25441162096031
GS1_SS_05300_21664 1.26676224662349 1.22995152087163 1.10680291108361 0.0500004390439811 -1.74970940726036 -1.2015642365191 -1.60179721833018 -1.11790349617397 -0.202320353836918 0.00187878119746483 0.608184898626659 0.719955647727747 0.513146297594596 0.376611969351351
GS1_SS_05451_02079 1.48416506057896 1.02326578496382 0.778695458565105 -0.170779642303823 -1.26654507697707 -1.19142301367215 -1.62238642947405 -1.22248852857268 -0.107518957415471 -0.145927230383399 -0.319329286282721 0.484420308325538 1.08709129739582 1.1887602552521
GS1_SS_05707_21068 1.22671286622981 0.843659068386238 0.761748193375662 -0.937500939196673 -2.0866623327274 -1.7895346488655 -0.892530262720279 -0.311926707498257 0.405194972741391 0.459802222748442 0.561789292614551 0.309632285229053 0.858916976476443 0.590699013206519
GS1_SS_05773_01061 0.428772030037742 0.661379214786394 0.376570841082151 -0.255424685581442 -1.42584757002597 -1.1302049872932 -1.94375559252561 -1.30765619880576 0.0441576095253264 0.579301873661252 0.987226259053208 1.23263750901738 0.824713123625426 0.928130573443105
GS1_SS_06044_02777 0.189557083465361 1.12727953767762 0.349562750363577 -1.46298484411423 -0.592409522358594 -1.92621506169473 -1.56498048835214 0.196569284006717 -0.267723388201257 0.251816924635583 0.472807487151049 0.906288975162154 1.22927518191553 1.09115608034336
GS1_SS_06156_06423 0.62531143665764 0.812728939751297 -0.562649901849397 -0.671853801289796 -1.48645586198034 -1.6650189948491 -1.15736843528832 -0.664475159435715 -0.189630041558188 0.570709486937441 1.02670955351965 1.50041836055164 0.836340593684356 1.02523382514883
GS1_SS_06158_03726 0.870151515824467 0.126959387803991 -0.0318833067302545 -0.059649066112017 -0.589030752598819 -2.04595793396572 -1.7246080284306 -0.534485834422464 0.523431880904996 1.19995799782104 1.12384880966798 1.27324832715361 -0.707281880118103 0.575298883201893
GS1_SS_06226_18518 1.27111874124074 1.10263098051557 1.2599359252634 0.0830563718087974 -1.78179002057138 -1.60286496493404 -1.03999656074157 -0.909530374339346 -0.678418844141116 -0.0697008944415817 0.496149594011506 0.461482864481772 0.649354172900979 0.758573008946272
GS1_SS_06360_09359 0.64288476190675 1.44729998513851 0.610878099855627 -0.289273864732588 -1.19891453001737 -1.46020785516924 -1.29592587295994 -1.76327978786571 -0.145951997494817 0.399435858960378 0.473362750954564 1.02668146172331 0.854185380403543 0.698825609296986
GS1_SS_06639_04363 1.08845385534721 1.58210812814413 1.26590176719525 -0.436667312254242 -0.414035431038214 -1.41036182133252 -1.51217619698303 -1.12819055167253 -0.855328024929151 -0.632209093146456 0.279756814465995 0.710286174359592 0.643088686430253 0.819373005413712
GS1_SS_06758_16575 0.957209357716451 0.876236275815396 -0.420473500543746 -0.844726831067582 -1.65673858196266 -1.33512718624298 -0.642636266097625 -0.884871232235428 -0.679359269438667 0.262665598875011 0.645862155477185 1.3232989251846 0.947629443801397 1.45103111071866
GS1_SS_07160_13896 0.792730179179559 0.93883648299946 2.01305688133777 -0.844030312980097 -1.87540519184379 -1.15227146027947 -0.694841597687201 -0.116889446500883 -0.500649674888598 -0.352693924184901 -0.0259583080475684 1.35496203185361 0.0511019787772741 0.412052362264837
GS1_SS_07236_12406 0.451435698262006 1.3036309776051 -0.181175521373051 -0.794181021391318 -1.66990316427456 -1.85942512057018 -0.922271722887672 -0.250449064019038 -0.353183034811012 0.260868103586817 0.890603817678078 1.19253189977663 0.95203507247735 0.979483079940854
GS1_SS_07275_00908 0.883485785404772 -0.0173006589867343 0.532899902878587 -0.293535114233822 -1.08997752169805 -1.61421809369982 -1.93934806383554 -1.04939928511522 0.328496487545204 0.659927426094401 1.16072839559802 0.684375183538714 1.26154389021374 0.492321666295757
GS1_SS_07881_07151 -0.153813274324565 1.7416063627896 -0.00371510822201039 -0.105555837105093 -1.55782541480008 -0.549160542635359 -1.51755675924682 -0.705688703737547 -0.356910187090764 0.166582335101614 0.150202085213659 -0.309497092649022 1.65002764612816 1.55130449057823
GS1_SS_08015_03854 1.31078525590948 1.51091428338491 0.643339232339587 0.0597168851991946 -1.46796961772844 -1.83679379401824 -1.41872320782611 -0.344208455595458 -0.543813585093204 0.118393458699844 -0.160110706237169 0.882236710163662 0.498114712925479 0.748118827876462
GS1_SS_08312_03098 -0.108172990624998 0.655789237862202 0.202386538536775 0.280559417730814 -0.932541534853047 -0.920104940435814 -0.667819739400506 -0.882795157184113 -1.56325453744132 -0.707261510266589 -0.0832998017905313 1.35046186888196 1.57965053742812 1.79640261155705
GS1_SS_08393_19843 0.265937483155842 1.23198702613671 1.24598548996996 -1.35679555209121 -0.38390231568075 -1.9285550304357 -1.31573339151369 -0.976659489775115 -0.0169870247627223 0.707822324825243 0.599411999361121 0.16810377481017 0.757594640676777 1.00179006532337
GS1_SS_08455_19222 0.553171890990827 1.18040082857755 0.907692594844192 0.193704386618578 -1.36529882306361 -1.70396439704875 -1.57204971654518 -1.05707509842544 -0.36477670785955 0.0749811741653577 0.426330852045079 0.529706298785863 1.28314207012361 0.914034646791479
GS1_SS_08545_21573 0.899161413190128 0.589057513298293 0.262632355517415 0.0687358117955735 -0.789109502852574 -1.47982513671691 -2.2567170122354 -1.30355555151524 0.425192084092292 0.942902384332765 1.02712007504023 0.741171636824183 0.671969503374636 0.20126442585461
GS1_SS_08739_04099 0.893157141732133 0.527099993132702 -0.370735479189204 -0.527633274339826 -0.458629918145248 -1.95634210833575 -1.42693930999047 -1.33418070002399 0.254027695011865 1.4949569039537 0.532303524911309 1.14541531273854 0.556058778683213 0.671441439861031
GS1_SS_08909_07286 0.570179689509841 0.869082975601038 0.3813986667154 -1.29365834506384 -1.57008769986998 -1.30939009696338 -1.4187632292173 -0.271094471593955 -0.247122278223232 0.779187250460828 0.00331222939653507 0.958978700741248 1.29084375271719 1.25713285578961
GS1_SS_08935_09414 0.255181541616768 1.21554575488022 0.218742857939721 0.104664304178753 -1.74717396658182 -1.19007190306952 -2.0240636601764 -0.309562677438744 -0.367155733706418 0.200025114652727 1.1346939643506 1.06491776156477 0.943086296383151 0.501170345406196
GS1_SS_09125_19079 1.16385635038834 -0.0618603281020224 0.487588485259106 -0.28206157950936 -0.224827328117576 -1.5848938809276 -1.91775623770614 -1.35445071085016 -0.0205914205195254 0.246602163609488 1.0373385315223 1.52081733933184 0.102010370619718 0.888228245001595
GS1_SS_09148_18433 0.614762322608866 1.00098741869308 0.94543131628337 -0.562470327617798 -1.82901028234442 -1.24097387479277 -0.771240649825483 0.0212746899773545 -1.2154575020785 -0.509117911942501 0.0104882233299575 1.05433983436838 1.19931922479038 1.28166751855008
GS1_SS_09213_15779 1.22348505581609 1.25695116392223 0.664122963184887 -0.656593088861005 -0.680138886349968 -1.03547724134838 -1.09404293053412 -1.03308680505508 -0.907349856027727 -0.639381947549276 -0.313565480773068 0.190816577112332 1.11711064076443 1.90714983569867
GS1_SS_09339_06300 1.70538385024854 1.14880516900607 1.28738877209769 -0.412644901455442 -1.13361627786329 -1.36926450984095 -1.58808072524878 -0.891796306476688 -0.382908338848737 -0.381786204410748 0.376215608450732 0.692096452744598 0.701634595467503 0.248572816129498
GS1_SS_09451_08780 0.393949618182738 1.12851862042569 0.984423665933703 0.271737809932773 -1.01157890188779 -1.22670135647043 -1.26750044268438 -0.858211427801722 -1.27677296227846 -0.748610246199705 0.243734800758654 0.54991339775515 1.14706365961385 1.67003376471992
GS1_SS_09521_15963 0.882958542417979 1.0651374849088 0.961035232056904 -0.554230892787424 -2.02322934969757 -1.64007522461766 -1.32053914294725 -0.299035786837974 -0.0132606441132778 0.196100553288877 0.325433143811134 0.619811181042342 0.687766818320665 1.11212808515445
GS1_SS_09657_13941 1.14358575338082 1.45639756593088 -0.666463819238623 -1.20176854071512 -0.573942015526635 -1.11328538716517 -1.20532989585801 -1.4514305507316 -0.062869195022321 0.902001043688409 -0.076086595552605 1.07823305075886 0.87262904251 0.898329543541108
GS1_SS_09659_12062 0.977039584321978 1.47092303400328 1.40367717852474 -0.15866819709342 -1.53123082502769 -1.57606139534672 -1.06125701284987 -0.692151983889864 -0.415696800255852 -0.323046954929859 -0.124298093182165 0.0497939548900643 0.678169115528452 1.30280839530692
GS1_SS_09854_15820 0.624294828760202 -0.348387374713609 0.770255543567196 -1.34792634971191 -1.02447740569961 -1.4938870645189 -1.21481017780793 -0.704531518842675 -0.291170774509267 0.568245914274316 1.06918308749192 1.66820586105983 0.905707086908087 0.819298343742346
GS1_SS_09992_06411 0.766238272593515 0.728162690165119 0.113806602927358 -0.285435573101148 -0.920903914319896 -1.63514932263188 -1.32923171208649 -1.5471815977111 -0.297646018500599 0.0176198040065198 0.771490077066397 1.36231808026565 1.02488964288296 1.23102296844359
GS1_SS_10263_20748 1.09932830144197 1.23867386405167 1.10902190579742 -0.0300856590178632 -1.28287496891178 -1.58095330284211 -1.5579309924979 -0.856356377271639 -0.527985529730507 -0.239600800155639 0.179211376021915 0.552851355903034 0.596230235393708 1.30047059181772
GS1_SS_10410_00948 0.795441769477415 1.60600142412049 1.11138365946128 -0.448387710022182 -1.55801857120339 -1.10251011816839 -0.625529886202457 -0.255141699643699 -0.62399618770739 -0.577218383607836 -0.829511786046411 -0.136280066275982 0.916603950587733 1.72716360523081
GS1_SS_10620_11384 0.752753917309413 0.516186391882553 -0.132057404596407 -1.2576635754075 -1.48691457942941 -1.70153254064141 -1.07718938075196 -0.56096814829129 0.133288438356606 0.564963201248916 1.12670945578486 0.761696332359912 1.09825631698782 1.2624715751879
GS1_SS_10701_18828 0.834132065024412 0.823972112953469 0.845420900658793 0.707697105919345 -0.897575321289634 -1.58167876073312 -0.856935513005862 -1.3084889383811 -1.15383189019008 -0.709051766195471 0.149351295442861 0.682861667523707 0.846549784222231 1.61757725805045
GS1_SS_10815_00059 0.561488412662658 0.545279836848864 0.980634145897048 -0.463402608422774 -1.1385366753775 -2.21955491353714 -1.52298801906005 -0.495016029018273 -0.185579581664025 0.414995036547245 1.14004080059469 0.83328345668074 0.66784881924243 0.881507318606077
GS1_SS_10990_00076 0.89403288303359 1.26663345902043 -0.164358799170494 -1.00159401046626 -0.496780326871192 -1.6145820548317 -1.33126825281406 -0.926043663261557 -0.955233570136102 0.665664788073916 0.489151704150198 1.33874969953401 0.991218102392369 0.844410041346864
GS1_SS_10991_15764 1.0750344519433 1.35272799997298 1.37812680009765 0.217401634400415 -1.28536070630899 -1.18207225246868 -1.53088244084743 -0.660550223242206 -1.05507825184535 -0.379470168529236 -0.122095660599287 0.255499834587414 1.08180746530988 0.854911517529531
GS1_SS_11265_18106 0.466908092774639 1.55796202918999 0.0514030962641283 0.286950146440155 -1.18804548176212 -0.650527113260431 -1.08817353248749 -0.605584736086845 -1.05095709855968 -1.01798051153503 -0.617550526235787 1.76147468054208 1.22960944124461 0.864511513471772
GS1_SS_11422_20854 0.391698141331484 0.151889920020575 0.509752777836447 -1.18305636568244 -2.26156994332856 -0.725259561914736 -0.271411073749202 -0.784068683778676 -0.567950356080803 1.042546797437 1.30916200362582 1.4727053919895 0.706316552999349 0.209244399294241
GS1_SS_11459_10299 0.739163437602856 1.57511708552132 1.20271648560983 -0.67720537126552 -1.04493148665929 -1.11660691593096 -1.24593432092114 -1.34877298031092 -0.917941323927967 0.224666299160289 0.200584913086515 0.436101024704177 0.607498790353816 1.36554436297699
GS1_SS_11660_05096 0.782509768939966 0.705472117959809 0.585250317905373 -0.928706997009007 -1.65003779733563 -1.82349213572263 -0.811475788995726 -0.786354815850023 -0.409540218664474 0.368372583080802 0.719707336075708 0.973309541165664 1.0935313412201 1.18145474723006
GS1_SS_11743_07060 0.704566004053096 1.11888695732799 -0.324331029912879 -0.273936672830153 -1.32443128840301 -1.46253827282797 -1.46106904958941 -0.547359117526808 -1.08054023080148 0.639920181556305 0.707945217501792 1.20557112840323 0.968144653051376 1.12917151999793
GS1_SS_11963_05405 1.10763473482833 1.02282894791155 1.03964595948145 -0.153561051906637 -1.65748237230048 -1.56138516332963 -1.50052359764809 -1.11533395168992 0.20344007942008 0.0434382264836104 0.37817683773208 0.452652174684491 0.736058860141031 1.00441031619214
GS1_SS_12940_09835 1.0038277487529 0.846393746419086 1.00986548613867 -1.50787100372523 -0.943342558156223 -0.955418032927753 -1.1954180940119 -1.02183314417116 -0.516172638113369 0.380582307107338 -0.398889589394889 0.525337060931047 1.29816744630893 1.47477126484255
GS1_SS_12968_02844 0.875680536575271 0.860187968266687 1.27074102844414 0.407675868920149 -1.06218154935669 -1.52954069333229 -0.751426450033692 -0.960188807991852 -1.45982413594366 -0.83237511944604 0.440597576575889 0.556791838890264 0.94152395188675 1.24233798654508
GS1_SS_13250_00308 1.03961077353289 0.713181374255764 0.751224800568576 -1.10858269965117 -1.11698345625021 -1.2573961022628 -1.55502290748607 -1.08218032176846 -0.603817238857191 0.511563215878712 0.791188399818313 1.23642849956764 0.786387967476003 0.894397695177995
GS1_SS_13368_13734 0.54489907405654 1.74107507582774 0.752027283994967 -0.878736741082629 -1.34043356896174 -1.30082929978129 -2.00121068042175 0.167493685395725 -0.176449272620641 0.851567425785418 0.862156802571636 0.00102868231637544 0.460819422373968 0.316592110545677
GS1_SS_13425_16803 0.961306644649577 1.42536218225233 0.930597087014101 -0.287093742783723 -1.57621272885962 -1.08940937078614 -1.31347540242276 -0.323035299127466 -1.29186497297558 -0.527538205159269 0.45198294431008 0.76453799757782 1.16262485581548 0.712218010495156
GS1_SS_13664_14172 1.45867292407099 0.236588365504745 0.666904383349101 -0.526082923822704 -2.11673266671845 -0.682238172972835 -1.30847568353971 -1.00780408579723 1.36491511402225 -0.00976836296813148 0.304481952091759 0.0442232035082077 0.45417114537646 1.12114480789555
GS1_SS_13671_08629 0.442961203345921 1.18752742531889 0.242984802511965 -1.01095527064183 -1.18451969400715 -1.26836724152663 -1.29184455483209 -0.901953458866512 -0.675565080563921 0.70807876384776 -0.0482177300231834 1.11206463255136 1.27556735021434 1.41223885267109
GS1_SS_13770_11100 0.705415844842187 0.990472906860504 0.535860945677599 0.738985438972088 -2.03022158865895 -1.688835885643 -1.53521231928582 -0.666954681281928 0.193280392701094 0.529602207788973 0.441979877348213 0.129566440994884 0.753209843264419 0.902850576419744
GS1_SS_13874_08467 0.805767039736202 1.03103358223333 0.503575415914733 -0.100906201397417 -0.523207191327614 -1.41148530431846 -2.29189384377228 -1.4744418926146 0.451832969908844 0.780190925740896 0.972995477397822 0.254109934791281 0.453406884616247 0.549022203091009
GS1_SS_14025_20760 0.854619749511778 0.968987980696442 -0.455666283724065 -1.02860713417801 -1.17706589581195 -1.25954298560858 -0.985169200218448 -0.940631571728267 -0.785574642910597 0.237141270567652 0.652275955877372 1.41821319645544 1.24611100241313 1.2549085586581
GS1_SS_14224_15247 1.10182190006144 -0.0131216610256324 0.328995828260857 -1.58613047973478 -1.49388122646367 -1.17991566446854 -0.837321023872023 -0.498225492882347 -0.507132317336109 0.502837955545902 1.02547769045776 1.71257557689088 0.88233229745086 0.561686617115405
GS1_SS_14515_16792 1.09305403027963 1.09808061153592 0.326053581473924 0.142471663813954 -1.41576852563331 -2.10273463065845 -1.73970376214923 -0.545611459268137 0.608268193562707 0.304439282071913 0.546832200430377 0.646246807499056 0.473109008671582 0.565262998370076
GS1_SS_14690_09676 1.4361781402056 2.15810275391554 0.43727749895843 -0.870764127862549 -0.844317384588027 -1.05553394236158 -1.06732776030832 -0.721197072992445 -1.20313536090722 -0.113100671889741 0.181744776778922 0.14421899240291 0.460507746429295 1.0573464122192
GS1_SS_14770_11046 1.27031692841684 1.23630937224116 0.530157926233123 -0.819601978379842 -1.39463883735053 -1.53066906205327 -1.41628000946233 -0.958723799098556 -0.266206291520957 0.150850011033589 0.633138989525131 0.851714827854311 0.900871204508257 0.812760718053071
GS1_SS_14862_09846 0.813488520101586 0.972381670732571 0.955110676098768 -0.140733933416015 -1.84451755404066 -1.51032380787657 -1.00514721483784 -0.627775982089253 -0.869569906962491 -0.238315053097001 0.350280444022996 0.993970414024825 0.815215619564966 1.33593610777412
GS1_SS_15226_09240 1.22875444783394 -0.000884922796150918 1.3473768065673 0.0354135189762596 -0.0903261812811101 -0.810126654075184 -2.29432960654708 -1.58022300697221 -0.0933581687703349 0.00694415288025133 0.111331828565615 1.29755541589929 0.113704275740282 0.728168093979126
GS1_SS_15287_08603 1.55487341719057 1.14108137264918 0.381386841849092 -0.608601980035588 -1.5445327325916 -1.17569302715081 -1.40737046713081 -0.365052512036714 -0.759595734450413 -0.485271203528823 0.412622954403609 0.680031740848184 0.901335564112661 1.27478576587146
GS1_SS_15291_11212 0.791610142949272 1.31962270842501 1.18918338423273 0.109882834838026 -1.40263144033133 -1.87298885470498 -1.06319825470086 -1.26976759338455 -0.106966480324752 -0.121513616851772 0.210161095964284 0.473949171654246 0.576264031894286 1.1663928703404
GS1_SS_15367_01794 0.509929621375002 1.48468812953734 0.344826405906005 -0.914066730158609 -1.90649868407564 -1.6285573149421 -0.564525247454803 -0.891408466370549 0.140297811445783 0.407967434328732 0.463555708155439 0.369901551164791 0.732433771773751 1.45145600931486
GS1_SS_15521_02106 1.09698074894477 0.251648814369666 -0.266604687058302 -0.760581989339499 -0.887381779525764 -1.59724385279076 -0.943737241830772 -1.02935419417876 -0.577426736848226 0.00639417745383732 0.756355329666623 1.99324935137248 0.97559975321091 0.982102306553795
GS1_SS_15547_00657 0.705593005991959 0.903505767017971 0.441461313645213 -0.783960932256448 -1.88884984249565 -1.62099798546796 -1.26609427490628 -0.699885210467202 0.00121702530276468 0.706337038928147 0.878208647187578 0.892345272975151 0.75767531152512 0.973444863019644
GS1_SS_15678_10629 0.750930069258465 0.554786073782897 1.1595633931659 0.489404741957708 -2.04857968434737 -2.04709374498771 -1.18524891638294 -0.509592289543992 0.36755771446531 0.538886522634499 0.692978434231593 0.424023410132519 0.21004814234099 0.602336133292126
GS1_SS_15845_14766 1.17290156145451 1.35362452470265 1.24567590907121 0.395125721301029 -1.57129779659188 -1.74110460769752 -0.49787616924556 -0.896618948895395 -0.78897355971236 -0.151894791617832 0.420899969415277 -0.533656890157104 0.51793243290421 1.07526264506877
GS1_SS_15943_15575 0.813143609949251 1.03045055688779 0.796980283317458 0.341713249855306 -1.09412893260225 -2.04417335351538 -1.89151971310401 -0.88400568638895 0.573926375798723 0.187263684262623 0.574644745871247 0.597632588192019 0.152602328263335 0.845470263212835
GS1_SS_15977_21189 -0.176448490736829 1.93873580403263 0.545705339194563 -0.213624457129747 -1.56093275640411 -1.02964404128694 -1.84295732904004 0.0557232534028492 -0.139414960996758 0.249437101273992 -0.221031163077761 0.0366367419214278 1.00720009441699 1.35061486442973
GS1_SS_16005_09886 0.741748034339988 -0.0245849649804068 0.526149856596292 -0.00505696249367413 -0.527007734162183 -1.33747627667514 -2.67395922143187 -0.645530292607671 0.521860468766836 0.918967478872765 1.11650507628191 0.996853731565514 0.4251234853499 -0.0335926794222639
GS1_SS_16103_01371 0.650482867735816 0.942922340717601 0.459422412054384 -0.853630821633829 -1.75336960017445 -1.02129611947672 -1.23087774178033 -0.339522228131852 -0.96183342663709 -0.078276298934791 0.40970770164748 1.49660774289645 0.962418305583053 1.31724486613429
GS1_SS_16154_21454 0.784473230828515 0.853882306303166 1.82560936294827 0.198715072313034 -1.26173353340946 -1.74011176927887 -1.26037257114525 -0.590779137154508 -1.07460122208075 -0.112196756945473 0.280236711939143 0.641572193086588 0.659945183653407 0.795360928942186
GS1_SS_16173_02782 1.45897191917796 0.340125005971674 1.09540018378516 0.423908568206854 -1.26552275058647 -2.33116404397918 -0.485632329123595 -1.04077487378772 -0.741111038056051 0.657829827732083 0.678928608002986 0.569153794709447 0.162467160502186 0.477419967444651
GS1_SS_16193_18144 1.09585528149123 0.975955000067838 0.715106111955517 -0.04576578886395 -1.54257734807524 -1.82948606746872 -1.08778317715895 -1.16420864389695 -0.392186142192754 0.0677448223895387 0.498233189130143 0.706335976428205 0.721370494475025 1.28140629171906
GS1_SS_16302_09479 0.886549030311787 1.09222106977378 1.62917693118797 0.252692650976576 -1.4559036607419 -1.60084033284599 -1.57599404619957 -0.664963535831021 -0.760207634642278 0.261940991006075 0.279195356732752 0.406187488481096 0.515235079873695 0.734710611917029
GS1_SS_16428_16407 0.811095776502145 0.953676178775202 0.141859013332985 -0.535991982473506 -0.92957330124809 -1.68406126327635 -1.49989491034032 -0.988981802195197 -0.35479605458483 -0.0605754536442823 0.415880723951516 1.13635731918756 0.953676178775202 1.64132957723797
GS1_SS_16619_12462 0.632499533535143 0.315819822850437 0.332535604189242 -0.429182615167145 -0.999206094399617 -0.339776188373351 -1.67857225339877 -1.54055204050955 -0.790642217144798 0.253327337570041 0.606429048878291 2.15302221219803 0.972949391995215 0.511348457776829
GS1_SS_16663_18608 0.19384655782712 0.415168788175707 0.366905373457947 -0.177781735499637 -0.769008565792203 -2.23070055438724 -1.51364410715194 -1.08961553498876 0.547893178649549 0.819202517098674 0.59615659336731 1.15290955600433 1.34251582810982 0.34615210512931
GS1_SS_16762_07764 0.836121469094403 0.993825626937831 0.845536642696995 -0.365490061936499 -2.11082786851713 -1.49413399754731 -1.39527467472008 -0.284284189614137 -0.193239460877065 0.0902008097388897 0.469165077933349 0.606626612531204 0.764330770374633 1.23744324390492
GS1_SS_17088_16561 1.3249749496269 1.17045553334352 0.912923172871227 -0.41269076682301 -0.830435364178597 -1.75999164213597 -1.30727686109519 -0.979804133252528 -0.491305908440869 -0.588897118725107 0.093157006483625 1.06202085524992 0.73400595401679 1.07286432305928
GS1_SS_17173_11958 1.1756684455402 0.31491528022863 0.644581479388276 -0.303303141307593 -1.04410910829792 -1.79283611668682 -1.65704683556843 -0.921521562843816 -0.613355333194582 0.930493354631996 0.526708839528563 1.11531765393203 0.932379316869751 0.692107727779712
GS1_SS_17290_14221 0.812680091623868 0.669094335394527 -0.692740756296182 0.0184992473864245 -1.64076348220792 -1.30454093501251 -1.08693270818046 -1.15025313484061 -0.36534739535338 0.235661555720863 0.791276003738749 1.4788823270482 1.20241285853208 1.03207199244634
GS1_SS_17484_10296 0.930428567140556 0.651031165044271 1.17063447844505 0.157597653559294 -0.898929083688964 -1.19223314380814 -1.13534227007813 -1.14166347827035 -1.5980547097489 -0.380590011926626 0.179329967324159 0.723092938435621 1.15040661222994 1.38429131534221
GS1_SS_17498_04302 1.54735027086174 1.97595144825899 1.26067001313245 -0.730953559541296 -1.13779352925612 -0.953296333687771 -0.437650325560839 -0.63728575256044 -0.990195772801441 -0.486471121926618 -0.54834864290185 -0.351551634295608 0.631014199538923 0.85856074073989
GS1_SS_17649_09648 1.09824257098924 0.749347572912171 -0.388957815123004 -0.497597477125862 -1.27499982785476 -1.08589684786719 -1.52934333593804 -1.24947092555644 -0.139436433029406 0.693845848285819 0.544170839625658 1.88018339323784 0.795677803009125 0.404234634434857
GS1_SS_18075_00106 0.962860422262564 0.795488904831964 0.330308290744124 -0.890381742806983 -1.07551895203189 -1.30740798176814 -1.25317586997499 -1.56454299458052 -0.440629229487885 0.36714872530706 0.672999135092252 1.20971003456244 1.05355895405457 1.13958230379543
GS1_SS_18278_09889 1.0355667001124 1.009652363197 0.796649154892313 -0.325252016445406 -1.13175674581269 -1.6652128520713 -1.85482995145232 -0.902952112559589 -0.303762078515556 0.105368416248897 0.552043096690794 1.05010401106495 0.740396082075943 0.893985932574572
GS1_SS_18386_00514 0.361736792270763 0.499170987925397 0.781003469810754 -0.235185257108207 -1.08835741482772 -0.905017071089895 -0.880855940519793 -0.734467914124475 -1.43940442958154 -0.821163735581896 -0.073589930883472 1.38460536117087 1.59779180737764 1.55373327516158
GS1_SS_18453_03878 0.853060139973577 0.826669737577067 0.616623677686484 -0.149775151093775 -0.729286844535488 -2.36656895240055 -1.88723307213742 -0.595719093630706 0.320566449168909 0.606390664512327 0.801356494462048 0.74965284895052 0.416810630970056 0.537452470496956
GS1_SS_18454_09306 0.857018998306235 1.37015838359315 1.36788785533967 -0.127822631641556 -0.944077538768314 -1.25741043774882 -1.3482315678881 -1.28579204091735 -0.738594731828199 -0.298679882716073 -0.176071357028048 0.292565674490625 0.83942240434175 1.44962687246502
GS1_SS_18545_12356 -0.0901673410604944 1.70630907228098 0.869417657128226 -0.134094673258557 -2.00479313065882 -0.658571872347499 -1.66019078324299 0.00601836909733312 -0.333282403742877 0.00223153011474148 0.368418859731353 0.17491138772092 1.67752909601328 0.076264232224408
GS1_SS_18615_21390 1.0474490448192 1.48384862569921 0.66785067922833 -0.031178325611761 -1.40885716756259 -1.80508027909175 -1.49752247923345 -0.904573207434578 -0.200376677398669 0.0946571471861174 0.36237097261232 0.735735058476332 0.437320868884094 1.0183557394272
GS1_SS_18679_10261 0.970993837934938 1.17972955741423 2.09874654456613 0.227276200382781 -1.71454581221767 -1.51547378345501 -1.06707853420318 0.0761360775746241 -0.0852475573931647 -0.397384767540445 -0.451501435553595 -0.211262084338073 0.541925970116386 0.347685786712041
GS1_SS_18754_06129 2.3404683731965 0.949627340613134 -0.697978652165176 -0.451943063505753 -1.19837434188227 -0.792323126012023 -1.49713184239729 -0.883892762392785 -0.0529029369664733 -0.182691334713429 1.06311819297596 0.398082146937894 0.426755467420759 0.579186538890958
GS1_SS_19152_17326 0.818168120870282 0.421651201787447 0.243467245185219 -0.064139639731902 -2.01130577678811 -0.611791487287423 -0.748006996657268 -1.05064074187344 -1.51156588488806 1.46867905297222 0.746967315883551 0.467986308269443 1.15209625737534 0.678435024882694
GS1_SS_19337_12324 0.848215278372569 1.50131264718167 0.885645759984158 -0.0462441615181601 -1.45479190575013 -1.86355857907393 -1.67382475849104 -0.539423024407406 0.744958777375082 0.430026449332747 0.402921617820907 0.602981088503538 -0.29276905764966 0.45454986831965
GS1_SS_19350_08487 0.23144403101823 1.18412586688212 0.130684885841847 -0.303650175926645 -1.05344098104027 -1.50095435062475 -1.72333829501949 -0.746770776239128 -0.433785965609493 0.00713825006699164 0.681428333318204 1.87049606563132 0.931541633742412 0.725081477958653
GS1_SS_19372_11301 0.927036960262508 1.01326533180947 0.76703906933126 -0.185407392052502 -1.7627636487538 -1.62506054590314 -1.22080357967726 -1.25129498102276 0.0995068850361349 0.0536058507525801 0.806710677533476 1.05359266907288 0.796546877084974 0.528025826526179
GS1_SS_19396_05047 0.867540774109286 0.769433453770781 0.717494284179808 -1.18809613792456 -1.46395083864106 -1.44548357834205 -1.19502136053669 -0.809517301794799 -0.651275965107634 0.596302888467538 0.948335037917466 0.948335037917466 1.04875076579335 0.857152940191091
GS1_SS_19592_13573 0.946332115422204 0.610334476237387 0.349217492943133 -1.07323916545678 -1.45453753292898 -1.45384802412704 -1.16839138012434 -0.878108174508074 -0.370629696281058 0.163518982404954 0.713967649168801 1.40623448631544 1.08147584060222 1.12767293033213
GS1_SS_19818_19969 0.76464753474319 0.547035593823636 0.152712269554949 -1.17681803454512 -1.42982468874678 -1.51896692960539 -1.03523918141674 -0.87399659868719 -0.120613571901239 0.904915472564831 0.82232780823994 0.438229623363859 1.82386710259259 0.701723600019464
GS1_SS_20249_15006 1.18095215376121 1.10439199371226 1.22675737772213 -0.638169597829295 -1.22382210418667 -1.39984503626503 -1.22120466281748 -0.841021303941906 -1.03274888423544 -0.226576942523385 0.273746975198235 0.838067334396672 1.01539898715963 0.944073709849068
GS1_SS_20367_16549 0.907082022114473 1.42463640109124 -1.03714854662201 -0.844808473941584 -1.33699748088801 -1.36891417417122 -1.11912405358101 -0.493724847826217 -0.340860685259239 0.767824449841919 0.342828481386475 0.826618358521526 0.900026753072921 1.37256179626073
GS1_SS_20595_09808 0.76010267919449 0.519889392653079 0.57287598746932 -0.645483141453918 -0.902656572361198 -1.36379513812598 -1.87925050610824 -1.07558353452299 -0.413805352403826 0.230236731032078 0.503816053221374 1.16914145507719 1.18355203525734 1.34095991107128
GS1_SS_20789_19891 0.772117803222666 0.925036450198547 -0.724502658383879 -1.33900907308325 -1.38950998427591 -0.627748576192349 -1.36591142764383 -0.750461070679168 0.252383191957725 0.668284154041511 0.449289548495804 0.0839838918311985 1.7660890085659 1.27995874194504
GS1_SS_21139_20692 0.777702212771539 1.32405155370118 0.756484762638349 -0.272079354045607 -0.975630711871154 -1.35224045173527 -1.33777400846264 -1.54994850979454 -0.784673660672444 0.262600389310779 0.0835058215956259 0.715496506699232 1.01398745289115 1.33851799697381
GS1_SS_21505_05931 0.861557446003213 1.14501910293202 1.68640533057983 -1.08692223180472 -1.53126753185528 -1.40102839218529 -1.13799640422433 -0.313914632233998 -0.437258758627344 -0.425128642677688 0.458071483888333 0.820698108067529 0.543876093553269 0.81788902858445
GS1_SS_21531_21847 0.319729199065578 0.740321829999039 2.0767951353969 -0.13189075710068 -1.63958893137582 -1.68095869835288 -1.01099830536324 0.341563242747916 -1.13510760629443 0.417407815539196 0.1115013719477 0.35650232526741 0.649538174688265 0.585185203835057
GS1_SS_21556_10554 0.546031515522359 0.787084655087374 0.626124613259049 0.0557998496654169 -0.722302660230644 -0.991214268573639 -1.46132592920204 -1.33073935680526 -1.26206049280399 -0.353758333688626 0.0776610091925812 1.05947857202762 1.37965750138564 1.58956332516417
GS1_SS_21716_17695 0.884096810207778 1.73674528698632 -0.214979995276079 -0.384540771908176 -0.975258220403614 -1.05309469120044 -2.20352418903574 -0.745689077489148 -0.371298882685479 0.750386026349324 0.790434666925286 0.28336720156835 0.762336023940539 0.741019812021075
GS1_SS_21828_09871 0.93720571655284 0.602122405139243 0.681338637036054 -0.926467473387466 -1.85493029357496 -1.42848516104698 -0.965603260866299 -1.0060885582582 -0.315139482769827 0.896450517178331 1.13828269359926 0.686196872723081 1.03437043029339 0.520746957381531
GS1_SS_21926_16660 0.345860777604694 1.11030218265739 0.61914361313898 -1.44372237883832 -1.35983911752731 -1.41281801940795 -1.06404024869376 -0.523213958662255 -0.525421412907282 0.246746082003002 0.464180325138117 0.847615127499227 1.23391962037887 1.46128740761661
GS1_SS_22346_06034 0.810805478445234 0.953440659292121 0.966923586834861 -0.575807175160821 -1.43587602683459 -2.11498979832947 -1.3698806446517 -0.502857440876941 -0.0479860432507988 0.207125138413161 0.725650146596346 0.900928204651973 0.640494814747458 0.842029100123159
GS1_SS_22354_08355 1.40181752238997 0.983180704800407 1.00887920251383 0.0712985278726441 -1.19455973046253 -1.61899943463255 -1.37362023065926 -1.13487289706362 -0.808501976103206 -0.207074231229486 0.604335109476782 0.793343415239991 0.589413401127055 0.885360616729974
GS1_SS_22468_10875 1.03227928052126 1.22792922342896 0.766701221137046 -0.208498437257259 -1.55580494524256 -1.76261363014119 -1.36610633139669 -0.781388251071779 -0.588713972694996 0.130727319267116 0.672223872280476 0.821751014958984 0.775628214729792 0.835885421480833
GS1_SS_22549_09727 0.88447571973359 0.4933971805717 -0.0240453208286917 -0.977376277078385 -1.20254610340763 -1.02778743222672 -0.807098597466219 -1.27088122483093 -0.782453143838142 -0.0780412692320234 0.503367386812149 1.77955378558965 1.07827860508165 1.43115669112002
GS1_SS_22593_12344 1.92397549773927 0.234659787018707 0.956880384051637 -0.89183003258174 -0.48621995023788 -1.3493984312589 -1.11810011983968 -1.6712047775813 -0.213857808168139 -0.110700269742413 0.0747203568217533 0.753237305519493 0.955204309331208 0.94263374892799
GS1_SS_22796_07337 1.18657700070282 1.22168138161218 0.893755091654005 -0.172647504019383 -1.55841434552671 -1.02499899658691 -1.79986398983012 -1.02157417893722 -0.583197519776419 0.389450692736602 0.135157982246842 1.1163682388841 0.682272601785417 0.535433545054798
GS1_SS_23013_01826 1.49406099682448 0.288195118504831 0.310401040273422 -0.706855046821868 -0.54804054303385 -0.858642360176788 -1.8902339157556 -1.48546774680914 -0.29393733697302 0.12488321283963 0.723880925356917 1.60790148184067 1.00356310459422 0.230291069336102
GS1_SS_23145_09978 1.5796413711962 1.4191841631706 -0.174028114747367 -0.84283647740277 -1.52584459298079 -0.844398450224258 -1.36396740966292 -0.174028114747367 -0.811597020973006 -0.100189399549743 0.024768426169313 1.51858243362894 0.694854766587752 0.599858419535424
GS1_SS_23241_16748 0.942370711418688 1.53464820328536 0.657568371474738 -0.589834055989265 -1.37304049083513 -1.41679504026786 -1.39690660870753 -0.967316487004361 -0.599380503138225 0.153197747104726 0.23434254787088 0.770932431368628 0.847304008560302 1.20290916485903
GS1_SS_23507_04514 1.00734087800154 0.166065352118857 0.829400745619645 0.0922201971803713 -0.58357100558715 -1.47873697156263 -1.9884083507422 -1.48509197629056 0.0348980545344898 0.255543818688038 0.597443073050391 1.63902834795726 0.303079254052915 0.610788582979033
GS1_SS_23733_11541 0.439577258733719 0.80626731102224 0.995908422052713 0.0598398980063011 -1.36322699916636 -1.88056795005749 -0.153013285014301 -1.84567398562789 0.486153115602803 -0.38619599513737 0.0977681202123956 0.480084600049828 1.40553322187853 0.85754626744488
GS1_SS_23749_13229 1.94394984557684 0.782087115660564 0.384744624319456 -0.264421472136004 -1.73094811753346 -1.72054648163448 -1.24519172105101 -0.379775614255713 -0.0400997923385608 0.328575790464953 0.0915225083271561 0.529327363315304 0.17567174274992 1.14510420853503
GS1_SS_23802_10925 1.30095120603153 1.09926436719659 0.963060268243119 -0.425566713683426 -1.51415178147306 -2.16243090629965 -0.280456962106079 -0.370168315743699 -0.467737598167096 -0.801699571562615 0.34752251335726 0.889064772177053 0.606624618520278 0.815724103509802
GS1_SS_23824_07279 0.938425153477578 0.869141292442978 0.796589324755802 -0.0652103995283545 -1.41330439371574 -1.84142636520313 -1.78913665876193 -0.923088395829421 0.160419683765457 0.412946284809965 0.529585011240385 0.717501143763475 0.796262514090545 0.811295804692392
GS1_SS_23924_10942 1.48129781388146 0.924741204606408 0.593844494873702 0.28691747981774 -1.43775130497118 -1.21365107734273 -2.00497935365711 -0.455240087211133 -0.924701333294323 0.219605323533737 0.775341052854107 0.209968192865759 0.831160889772549 0.713446704271011
GS1_SS_24176_09841 0.719673097775292 1.27518306274512 0.277367541055026 -0.620071129201376 -1.41277666146885 -0.98407904524907 -1.11499867654972 -1.0123166127845 -1.14323624408516 -0.00551897756655226 0.511741918650728 0.684504490935706 1.15170788106744 1.67281935467592
GS1_SS_24253_15568 0.638713685623552 1.10435579974747 0.860725193607636 0.0217378844093565 -0.426442650434918 -1.01847333839247 -1.25462041055532 -1.30617364461904 -1.55728778473587 -0.308369114353495 -0.176991517868531 0.481559472106729 1.36378497761651 1.57748144784839
GS1_SS_24397_18252 1.06387092224281 0.925056959793358 0.957090951127847 -0.138653305654007 -1.23303441386844 -2.09863375418336 -1.23757824242652 -0.308365302298428 -0.389086416632783 -0.523879090808332 0.293691981647645 0.877573951361385 0.357305581460816 1.454640178238
GS1_SS_24676_12179 1.48007609588854 0.785801611458668 0.396592844779638 -0.734810438678501 -1.79037178117446 -1.06685475731888 -0.881966443530485 -0.821594749232235 -0.863100289062282 -0.21390648073418 0.36980290543479 1.22160977967416 1.18953731707821 0.929184385417012
GS1_SS_24699_17354 1.18878977085314 0.979240780328606 0.597456038882619 -0.176388104189913 -1.09056247446533 -1.88820056742967 -1.54886639567704 -1.06622775298506 -0.21207902902764 -0.144482580471339 0.730485849641419 1.02791022328914 0.735893565525923 0.867030675725146
GS1_SS_24909_13725 1.56514545881938 0.0157096224166702 1.04154882797085 -0.554576385422279 -1.18192718736062 -1.59815031556971 -1.4232159573369 -1.03956681307461 -0.255137021881709 0.0469565181285991 0.509507090173137 1.07532925576752 0.906427116784126 0.891949790585548
GS1_SS_24926_20825 0.760284526902056 0.910892938493647 0.581366263507533 -0.0856138449695144 -1.05154598848551 -1.41085462756831 -1.70493736809715 -0.658605245460832 -0.925170810037228 0.115114328253986 1.06478529289438 1.82926453098072 0.671957789276912 -0.0969377856906867
GS1_SS_25039_13329 1.04076729688607 1.41726677263696 0.595813370998643 -0.595648136119003 -1.250096284407 -1.03293044259457 -1.78297877124565 -1.28727413232598 -0.149667393479533 0.072018802540187 0.224566003922015 0.61410723267306 1.0537500374292 1.08030564308561
GS1_SS_25098_09162 0.886854983173532 1.21933147742055 -0.324048736422463 -0.331448365715155 -1.34621122666238 -1.75876590092621 -1.14854989624113 -1.11814046079171 -0.0875646934107888 0.233052121010953 0.613170064128732 1.46970249595413 0.789544789735381 0.903073348746557
GS1_SS_25105_06221 0.432708730833842 0.7712368756835 0.267654417131921 -0.534106046057297 -0.887249202322331 -1.54333612781697 -1.33840825036223 -1.46708389434544 -0.355548732678125 0.099740644674817 1.17156110140905 1.34630580311464 0.598080762175228 1.43844391855941
GS1_SS_25128_01535 0.786955412376656 0.272482822864644 0.423540732125618 -0.485652742020503 -1.12644477159568 -1.73768199283718 -1.58837547962561 -1.04763194937256 -0.0272248260893743 0.169369380456067 0.817604843241202 1.12847764201016 1.4262149704086 0.988365958057954
GS1_SS_25314_11356 0.636082689573928 1.8491049575367 -0.258420086558715 -0.582824465073926 -1.3949388276154 -1.34271045828529 -1.23678249795379 -0.832196538354326 -0.117697733701664 -0.00698830293853629 0.28159182788123 0.49999468498138 0.855294718593277 1.65049003191514
GS1_SS_25416_00588 1.21559867392995 0.256499032469539 0.407182307399816 -0.653923826590588 -0.249834949164739 -1.47474800039922 -2.25262207208996 -1.25880443141759 0.579817856745905 0.709861221491749 0.698407860926978 1.10225812667439 0.442854753325511 0.477453446698259
GS1_SS_25589_17894 0.186155598399197 1.03689854012801 0.92000784325633 -1.35693993249266 -1.64743752235128 -0.934335105341194 -0.766261499780136 -0.481988858275629 -0.865860673445948 0.919316182328096 -0.340198367987493 0.601843816268318 1.36543748103955 1.36336249825484
GS1_SS_25594_10397 -0.225307078284894 1.32173374873065 0.244115253337833 0.698483224471201 -1.79315029434027 -1.68366403623585 -1.52874098101809 -0.517635387423712 0.403691474525034 0.402049180653467 0.0161101208353655 0.659341887198868 0.659341887198868 1.34363100035153
GS1_SS_25953_08998 0.791646965334571 1.46100646593733 1.03737741297459 -0.387104074149464 -1.90498872829836 -1.67973581796167 -1.22155092079955 -0.287007312118599 -0.145545924734998 -0.0850476004644581 0.2149483210294 0.355219451557244 0.732774045587483 1.11800771610647
GS1_SS_26012_07772 0.790760925884049 1.05066262483147 0.945349297005191 0.101296790683755 -2.13289164294455 -1.92999440584805 -1.20922612549573 0.0631327865632235 -0.027494646006546 -0.159571085583172 0.752113833103764 0.527960694978108 0.582066624870507 0.645834327957978
GS1_SS_26040_00079 0.88955257235971 1.86192947723585 0.805416344396871 0.0193285929103821 -1.87085036627142 -1.72041968841686 -1.20790586735424 -0.212614522014203 -0.333483822476411 0.204918068728621 -0.0604346502311041 0.34782721269045 0.504554988687756 0.772181659754585
GS1_SS_26052_09647 1.15719589546521 0.396981669345094 0.608686896872215 -0.523454922153504 -1.28382953102175 -1.36402090508505 -0.862022903448772 -1.41694721196683 -0.850796111079909 -0.10245020832116 0.903791153425172 1.06577772903305 1.54371831845033 0.727370130485904
GS1_SS_26250_03614 0.184266809065209 0.740254996850638 -0.0359676748856707 0.466000733817467 -0.361748496428104 -0.743211244101515 -2.45023626310192 -1.80199891411442 0.503399042412899 0.727788893985494 0.714491717596006 0.202217997191017 1.25219628784589 0.602546113867012
GS1_SS_28217_16581 0.864488347547702 0.565652869383064 0.596648363164792 -0.211736353581968 -0.910455399504588 -1.79167257697612 -2.23089123325531 -0.800650735434791 0.908966186158253 0.610130707993615 0.858928617721383 0.77831253523976 0.235543910945383 0.526734760598832
GS1_SS_41203_16577 0.71274849218211 0.501378207452042 0.617872057558955 -0.586698371897061 -1.48021821189235 -1.27965663490416 -1.59310915941864 -0.776451241143372 -0.5554732161983 0.428959865581456 0.167028847969934 1.16911615239476 1.13548906164225 1.53901415067238
