V3 V4 V5 V6 V7 V8 V9 V10 V11 V12 V13 V14 V15 V16
GS1_SS_00061_18971 -0.377762538902336 0.0503547474953464 1.54138391736314 1.64078586202099 1.48528579017999 1.01583304164736 0.157925366813201 -0.593297448605996 -0.925949501025345 -1.13853187771937 -0.785212094232544 -1.36882945247122 -0.72616143403976 0.0241756214765456
GS1_SS_00069_01155 -0.237775890938209 -0.100888651881712 0.888377936982532 1.354216669014 2.0190544710395 0.752696752895696 0.564552177628616 -0.637281599638338 -0.540797202065476 -0.470695256953944 -0.449890808727296 -2.06042646383804 -0.0956121613894459 -0.985529972127884
GS1_SS_00075_12059 0.220601982900097 0.72539888352339 1.32676303071555 1.86505388029088 1.50264023899264 0.15318238639388 -0.266791068522321 -1.19414362125606 -1.07955695525735 -1.1674955593959 -0.863707654190018 -0.943651839770513 -0.458657113915509 0.180363409491248
GS1_SS_00173_02848 0.263650992125593 -0.0393647109125823 1.03353304821546 1.83272925072959 2.00244273002795 0.624163564816973 -0.191489702356391 -1.42782668488146 -0.617830533684713 -0.982971655811503 -0.608573434813893 -0.898114916162319 -0.572059322601214 -0.418288624691482
GS1_SS_00353_05249 -0.0284580502550316 0.68172459424192 0.637323178482563 1.43414858562345 2.05096825319937 1.08973760392249 -0.0730994736671415 -0.857924498170363 -0.312267099635784 -0.884325339973223 -1.11953283967144 -1.28753819659873 -1.02592985509766 -0.304826862400432
GS1_SS_00379_16060 -0.212305609737232 0.612342906402 1.03044089865028 1.44853889089857 1.76310785649489 0.775600217660854 0.571528578587287 -0.293536076802612 -1.25774968463996 -1.62945870917689 -0.826710564060184 -0.812375775754529 -0.71262954046101 -0.456793388061466
GS1_SS_00452_14270 -0.682825317834362 -0.234008995952505 0.594933761987061 1.35391459917981 2.83159516768077 0.487658816841941 -0.311603126235339 -0.886986922922802 -0.47039548574857 -0.473787578875688 -0.240369170565852 -0.838649595861364 -0.172527308023483 -0.956948843669619
GS1_SS_00464_05744 -0.0455080935690088 0.333457178309378 1.07021647782714 1.72581934109533 1.6862996851825 0.90225794019761 0.236069454809905 -1.01726820413985 -1.05184790306357 -1.3475396142685 -0.998919792466031 -0.887417906140547 -0.551500830881492 -0.0541177328928753
GS1_SS_00521_21419 0.252568206681615 -1.03849328997629 0.799096828102055 2.02999638035222 1.86172734043787 0.635437898870291 0.333014638092722 -0.878983460358848 -1.14867493529006 -0.76834080397681 -0.706104309761914 -0.724544752492254 -0.0051369804748803 -0.641562760205725
GS1_SS_00559_08520 0.412383123647226 0.575592916681592 1.14682719230187 2.14435570345967 1.51587620192435 0.314213651120585 -0.218532344948306 -0.963938265373916 -0.876243451206197 -1.09060855250507 -0.796587328337186 -0.829960077062123 -0.811690324110515 -0.52168844559199
GS1_SS_00720_03518 0.497705811048035 0.785525679040798 0.664588523498885 1.26346509286364 1.99225668521229 0.96772357712796 0.172918253588312 -0.570396359622354 -0.594425357775878 -0.918156695536545 -0.987603140749478 -0.927662672828049 -1.33483536681414 -1.01110402905347
GS1_SS_00792_15870 0.225192053244853 -0.341462996484431 0.731735722698801 1.54438798151664 2.59537994875102 0.0871656036317404 -0.461494319518303 -1.18168225772154 -1.06299099730527 -0.821396851103119 -0.658292086789149 -0.551852827448108 0.0223640041947936 -0.127052977667945
GS1_SS_00821_20306 -0.373756958405464 -0.284172688030686 0.0767716190323018 2.09684998592339 2.23138282501939 0.886054434059399 0.0934578626411079 -0.920231436593865 -0.611535929830951 -0.867044035090795 -0.977590398999136 -0.413386786976378 -0.650122868176315 -0.286675624572007
GS1_SS_00828_09037 -0.753837053393904 0.227471824959715 1.06760995239229 2.33470352163485 0.678529590097694 0.697467129855395 0.0582390833068012 -0.228750723748546 -1.25309946518785 -0.512813820114068 -0.867806610844798 -1.53027618345966 -0.612666302472857 0.695229056974939
GS1_SS_00974_17785 -0.0415241865358919 0.138303836787998 0.173321466249951 2.04114860755069 1.61599609234405 0.261827878368306 -0.431630345759283 -1.36007151410243 -1.48359555568274 -1.59275633661418 0.0940649939894693 0.0865960984520554 -0.0576684915052251 0.555987456457225
GS1_SS_01060_11577 -0.00533990073669041 0.450518334228875 1.60921978001501 1.04697327982658 1.60834264038913 1.22678690313177 0.0444026874469067 -0.563455073287228 -0.441532665290049 -1.14236722636736 -1.18534706803543 -1.42743760477803 -0.688886039787922 -0.531878046755584
GS1_SS_01076_00366 0.256449916222792 0.365498622282238 1.29500902155085 1.37463188629267 1.38847934103037 0.522667233555217 0.249872375222381 -2.31571480130636 -0.049232647112099 -1.15979851707623 -0.0329618877952928 -0.768261734367557 -0.694524037889265 -0.432114770609709
GS1_SS_01107_21813 0.42741104204874 0.484104813329576 1.24884079482885 1.53440942053973 1.27403802650922 0.633608387966447 0.193328759738088 -0.659849504959291 -1.43886391774411 -1.64464130980048 -1.20368975539398 -0.960116515817051 -0.0429372826515283 0.154357041405781
GS1_SS_01148_08472 -0.28325814070001 -0.169516477673394 0.153181518872223 1.70998493493137 2.00983409077473 0.716629910265929 -0.330664459752341 -2.050693025227 -0.988657467658893 -0.660331017685155 -0.728173983113402 0.188962401379565 0.178911591686491 0.253790123899889
GS1_SS_01168_10728 -0.00523207674875942 -0.111965361415859 0.842240040677105 2.21111995533703 1.0753052776673 1.1456788719533 0.0403215832084146 -1.23718616467695 -1.06238723693431 -0.774839217271082 -1.23642945936205 -1.02606538181895 0.253523305682398 -0.114084136297588
GS1_SS_01181_15550 0.211719923483594 0.897795625035295 1.02757948638126 2.25229115258503 1.29241761968622 -0.0462666760244199 -0.821017036140417 -0.965294526672223 -0.425077438836238 -0.999552195656944 -1.01338702351616 -1.06543232831987 -0.585429681737798 0.239653099732674
GS1_SS_01197_21025 -0.686345683710153 0.725163032188255 1.14717287825328 1.69903190772293 1.23734592228427 0.491915424961431 -0.748865660904971 -1.19852857380617 -1.99084905402512 -0.499988059379443 -0.697166448993871 0.532793871588812 -0.158532799315433 0.146853243136181
GS1_SS_01421_04732 -0.23566828852634 0.916754083721263 1.44316344789463 1.27305121743968 1.34344248521414 0.855396361977855 0.785005094203391 -0.384663138648956 -0.894999830013821 -1.10969319672594 -1.0087990462492 -1.21293372279515 -0.962575447077307 -0.807480020414237
GS1_SS_01451_10785 0.307366003391519 0.990135907841353 0.74238307627106 0.737111739429139 2.3975828446343 0.617584176538577 -0.342194478954212 -0.637389342101796 -0.831110971042397 -1.16715869471487 -1.20010454997688 -1.01956126314108 -0.781033271044146 0.186388822869429
GS1_SS_01452_08910 0.296296420804304 1.37019931045967 0.568604220060962 1.83758704341943 1.40789186956933 0.0199680819092828 0.228994262482949 -1.14850125049009 -0.444906813776491 -1.4776829333811 -0.960038454941808 -1.12504810259964 -0.638395283872732 0.0650316303559398
GS1_SS_01656_12376 -0.169240968535253 -0.0576010162748311 0.376221018478111 1.87470458914894 2.25831323568255 0.991912896164551 -0.163044213475864 -1.30236189368068 -0.584817002279994 -0.771211460018759 -0.760883534919777 -0.717112804738379 -0.497767347874291 -0.477111497676327
GS1_SS_01670_09961 -0.312685502346377 -0.164605322146255 -0.530146909281116 1.74337841305571 1.90393001211102 1.12984194523719 0.190901790047649 -0.668780348072537 -1.05050610979074 -0.838922038178563 -1.6855450239113 0.179433818686555 -0.439836634812504 0.543541909401279
GS1_SS_01676_07341 -0.161746585226312 -0.519018002010565 1.324848110098 1.85361058884254 1.62099419338746 0.173494690576606 -0.816591059826765 -1.35805947613818 -1.12348832105742 -1.0345467580893 -0.656300770521579 0.00968583394520968 -0.0718276424453542 0.758945198465668
GS1_SS_01693_19773 -0.36570619092638 -0.0743702352420284 0.97015485293216 2.06266468674848 1.86986883372207 0.999288448500595 -0.408464026775348 -0.787286456210793 -0.703313151337069 -0.717879949121286 -0.970656734200356 -0.787286456210793 -0.875544113373994 -0.211469508505252
GS1_SS_01829_15967 -0.491848091741734 -0.139069721463642 0.678929759984099 2.69946572989803 1.45229548168863 0.256196554723855 -0.545923608353704 -0.864368317290862 -0.950202470643196 -1.08582043293988 -0.761367333268062 -0.284129440629086 -0.0999293475349777 0.135771237570531
GS1_SS_01881_06770 0.556283954009666 0.202842163614241 1.35775054913169 2.08155951143443 1.05906734598062 0.190894835488198 -0.403594255956908 -0.92319351226527 -1.4369286216851 -1.37221392766904 -0.826619276579759 -0.700176720579142 -0.171706573137193 0.38603452821356
GS1_SS_01885_02262 -0.36097326091439 -0.317024486224624 2.40560210580636 0.986056683326927 1.6474857424079 -0.145624264934538 -0.331967069619145 -0.402329057897459 -1.02459975872985 -0.310432170021159 -1.0068005049805 -1.34542581396514 0.178058460655585 0.0279733950900359
GS1_SS_01947_12606 -0.448292758355462 0.0935812842115582 0.622926447181653 2.02894515750327 2.32824617009649 -0.530426524601972 0.146132973631995 -1.06673217623703 -0.392086812385922 -0.473350517549313 -0.775261713391888 0.147873095798235 -0.910643217925331 -0.770911407976289
GS1_SS_02048_07992 -0.00318730247864732 -0.558814026580036 1.02570554724007 1.85422858273639 1.80259955085087 1.10069056974048 0.321092188269022 -0.936197664409962 -0.92390503777055 -0.969387756336372 -0.638716099736209 -0.520706883997861 -0.579096860535065 -0.974304806992136
GS1_SS_02114_12033 0.292761402596655 0.537523335153469 1.043520695544 1.98692086222124 1.03721935855283 0.0443086869450166 -0.647938191084368 -1.44910817996103 -1.39329633803928 -1.377092900062 -0.82887658183067 -0.0907199628656566 0.197341156730446 0.647436656099357
GS1_SS_02277_11916 0.489433394292618 -0.40899421519894 0.259476807433776 1.58013026113004 1.91548361696585 -0.208420969994283 -0.580822887046241 -1.22086872047002 -1.39014231913 -0.772453376095276 -1.09630890258814 -0.366835507608152 0.865348536977141 0.934974281331624
GS1_SS_02416_10589 -0.179480711266038 0.145588161720756 1.1404562044505 1.78141861933172 2.0461924594258 0.608287001093088 -0.754905046916048 -1.19663170093439 -1.27658815759647 -0.774173242210024 -0.290895445959093 -0.390775478707454 -0.627892249365966 -0.230600413066381
GS1_SS_02465_16618 -0.647650260000019 0.378420698922054 0.485151484247281 1.33576350062712 1.90337722258402 1.05599947242615 0.245815783821014 -1.36387851485674 -1.22933304002251 -0.769743809879636 -0.426911590350117 0.234495852044096 0.320203906926475 -1.52171070648919
GS1_SS_02471_00132 0.289094296254177 0.860083714602743 1.10488089288723 0.540487398509107 1.55639568838973 1.35715798495263 0.0868578273830952 -1.24041207351054 -1.30909128186257 -1.03437444845443 -1.52600878150911 -0.787537293684236 -0.189144191211045 0.291610267253212
GS1_SS_02603_11084 -0.0272003005825904 -0.223083316292509 0.716297277294475 1.74575546204733 2.36295377188759 0.335493069138209 0.205619293515452 -0.878886308060998 -0.25024957394571 -0.874358598452131 -0.203542674822664 -0.72303777731369 -1.31402303152366 -0.871737292889103
GS1_SS_02919_17069 -1.16438008643981 0.222937668127154 0.555282388691013 2.29640127519881 1.47948286038735 -0.55780044713933 -0.299693269541383 -0.380072792283876 -0.799686708968157 -0.656315886770322 -1.35446945573369 -0.0788956417630245 -0.371542720482632 1.10875281671789
GS1_SS_03058_05662 0.49482611619719 0.0595866566980295 0.863447291079131 1.78214515894325 1.69332077945362 0.399657138172592 -0.35217778822173 -0.157398613198053 -0.260181109464619 -0.94349437168123 -0.610402948595138 -2.19591812248494 -0.704937466766238 -0.0684727201318691
GS1_SS_03098_21163 0.627079231557049 0.239441693534829 0.595143184390446 1.97279818457737 1.53780719730812 -0.73989371147415 -0.192355689017763 -1.36341750132694 -1.47849739542728 -1.04791138018101 -0.152380567909222 0.361679667172518 0.52466363202277 -0.884156545226737
GS1_SS_03133_00292 -0.3677581410366 0.0688374027421926 0.817816594617489 1.60974467579586 1.96198736504415 1.29179930102702 0.266278699610309 -1.2081968381904 -0.982637923145445 -0.874493237849919 -0.778707945159597 -0.732360222890086 -0.763258704403093 -0.309051026161886
GS1_SS_03166_09562 -0.574212343073545 -0.643284372411069 1.25619643437084 1.95678416050858 1.68789661773036 0.0989685885663445 -0.22268505090936 -0.0460580044605494 -0.750592703703293 -1.76323799095521 -0.759226707370484 -0.459503437209442 -0.367489626699098 0.586444435615919
GS1_SS_03278_06650 -0.157765941087063 -0.900991708358183 -0.123804200093569 1.84945555812417 2.61967387048091 0.597559932601746 -0.0330417672431931 -0.607796822083415 -0.423386546390752 -0.94869405096638 -0.727634414489372 -0.605469878541551 -0.361606195354283 -0.176497836599062
GS1_SS_03417_04884 -0.0932249704133834 1.00539101667193 -0.406671904581792 2.05590376138486 1.80142209206002 0.95077056081684 -0.422809766538977 -1.29890946471464 -0.88925604580147 -0.537016174235981 -0.962186768107981 -0.17856943268696 -0.437085567501103 -0.587757336351362
GS1_SS_03510_17965 -0.364746542088295 -0.113574143396609 0.589362724542601 2.20533936190839 1.83787543955394 0.832321223793423 0.262535988895588 -0.721402702020552 -0.573552512084998 -1.00456607748192 -1.2315290883479 -0.721402702020552 -0.734372016927179 -0.262288954325938
GS1_SS_03529_11044 -0.0542515332790081 0.617319627068284 0.603747049049947 1.33938077764379 1.05978567046606 1.04621309244772 0.446305144037243 -0.202464085239243 -0.361534699614147 -1.13680035602153 -2.17320241350171 -1.28012677989516 -0.730165918592168 0.825794425429933
GS1_SS_03550_09496 -0.231093387626985 -0.0979077868133416 1.88474149802613 1.38961970279359 1.78960892601638 0.0664121102944007 0.395051904509885 -1.42930975312882 -0.718431608786 -0.438222942139113 -0.166230270347613 -1.00815353263386 -1.08153533931592 -0.354549520848723
GS1_SS_03597_15098 0.432274622636572 0.256947548714258 0.464770588923897 1.97583302128453 1.03874003997561 1.58966002656771 -0.903082875728638 -0.395238937470901 -0.657851688281263 -0.601928397461215 -1.24848476855706 0.181753394165679 -1.50652541248281 -0.626867162286372
GS1_SS_03658_06772 0.715208549015741 1.42105895797437 0.0212069478813539 2.2470901320075 1.23317071961848 -0.344413407838226 -0.581389564323139 -0.462224411347868 -0.941254784813799 -1.20362124377924 0.148158460283986 -0.733054304473483 -0.460700993199037 -1.05923505700665
GS1_SS_03668_13045 -0.414914191704465 0.286986044680709 0.784848983281158 2.41043561234236 1.69451526923806 0.50414854875568 -0.468160767222848 -1.15723409746074 -0.192382285056212 -0.779884416616179 -0.90218747522983 -0.876831963078219 -0.52185479295567 -0.367484468973806
GS1_SS_03794_19316 0.195129165004535 0.691986189976558 0.733564183698066 1.75691931948874 1.69388171610451 1.22579398033657 -0.783361974335025 -1.37216001445574 -0.841034675303569 -0.80079790718598 -0.585061768795509 -0.527187883986377 -0.523164207174618 -0.864506123372162
GS1_SS_03856_13861 1.0220685930745 1.20484428128638 0.976912246575098 1.21774609457192 1.29730727649944 0.783385047291936 -1.16908936325374 -1.09490393686186 0.0681945308299423 -0.740093319998324 -1.137909981147 -1.06049910143374 -1.06910031029077 -0.298862057143787
GS1_SS_03933_16247 -0.139753561589554 1.59252686405435 0.925941494057653 2.14838376727418 1.01452426747914 -0.0768155010735868 -1.20447420672912 -0.72014789304714 -0.203488867066314 -0.645450469359471 -1.10481858662995 -1.04059607589937 -0.440890699835901 -0.104940531634909
GS1_SS_03944_03340 0.109427943950108 0.488614391432604 1.15551473416848 1.50984904988097 2.13289268949329 0.34305190535111 -0.670942916391142 -1.1333874859939 -0.677417001137952 -0.778357032136597 -0.777660893991779 -1.4118427439212 -0.0265278357328952 -0.263214804971098
GS1_SS_03985_15608 -0.0792739549108749 0.631356381822824 0.967603857946097 2.16770663858119 1.47060821247197 0.552078521598637 -0.297971500356906 -1.07038389367911 -1.35195698344087 -1.01981008629471 -0.950100243683791 -0.242066940302264 -0.640233158979945 -0.137556850772242
GS1_SS_04009_08753 -0.654229953140811 0.782474289185199 1.17129443921969 1.97444244416681 1.4611860581727 0.258991841325529 0.408591083448727 -1.38522102717137 -0.504630711017614 -1.27376844279387 -0.432014181814955 -0.948602655383233 -0.243119286230826 -0.615393897965972
GS1_SS_04037_13389 -0.0685643275686166 -0.0555938004021561 1.91201069805713 1.46579193327387 1.34342846943934 0.707138457499765 -0.248112316835154 -0.452867179651606 -1.66508122803904 -1.25312423312945 -0.946399817117555 -0.607045144083117 -0.084961031722444 -0.046620479720957
GS1_SS_04223_12194 -0.00648992321619782 0.680101449782062 1.3367644808804 1.77512666517928 1.53834066602989 0.362332878432867 -0.541679096014841 -1.4245651820626 -0.835064871169097 -0.160691303628807 -0.515271735514908 -1.59269204391218 -0.486487712569981 -0.129724272215885
GS1_SS_04428_12491 0.0734467228845569 0.858446511070121 0.506843087674422 1.29290512185212 1.69337186088589 1.52978597809756 0.0468905730812564 -0.94418493757792 -0.700930605379687 -0.747669429033496 -1.11520654231118 -1.44237830788784 -0.913379803806091 -0.137940229549715
GS1_SS_04468_02731 -0.22425261121454 0.00224905562848617 0.141197163359993 2.71011203232583 1.43032682953564 0.38415321138175 0.204170720957605 -0.901726206659824 -0.42231460688445 -0.810109837380717 -0.383514769783986 -1.38520061660279 -0.796093142302538 0.0510027776395411
GS1_SS_04533_18663 0.131704964883913 0.455026591830621 0.680620698058015 0.036798973634185 1.27057685988065 2.22476682595899 1.13719546677292 -1.16876361791641 -0.925599078173866 -0.914825965653627 -0.648063179438176 -1.11233302852468 -0.416441260253029 -0.750664251059503
GS1_SS_04618_17540 0.0594714145197797 -0.339409562191653 1.48116047545084 1.69734652235797 1.73278685791652 0.192195471186533 -0.305032436699863 -0.296526756165812 -0.97407509137409 -1.52772401346969 -0.787021000296086 0.300997301351269 -1.2619214967806 0.0277523141948812
GS1_SS_04738_02649 0.177022816134632 -0.564611714639816 0.592735330930229 2.02602621593921 1.72577889235504 0.895961486228701 -0.349710283822483 -1.41617932058485 -1.21522638747733 -1.30506416933716 -0.139610446030343 -0.0823246751817752 -0.270274771441159 -0.0745229730728951
GS1_SS_04815_10890 0.350033275866271 0.783982451638236 0.828219988974214 0.493278634858958 2.20169019578646 1.24952986836447 0.0513245713785776 -0.227161258898383 -0.846697436541758 -1.33099314290086 -1.08094572948274 -1.12244475260268 -0.528608477602113 -0.821208188838647
GS1_SS_04890_09977 0.360490861448549 -0.142627204145864 0.398031056631077 0.953387594886892 2.16063260186788 1.31051601254925 -0.894622860024446 -1.03008536327569 -1.58861990747288 -1.05590666154938 -0.111641646217428 -0.847350021646448 0.0905589818027506 0.397236555145733
GS1_SS_04971_00099 -1.12727085853805 0.0501922699047602 0.718620531743046 1.3680509332872 2.02287079874458 0.72131526369966 -0.830850343310428 -1.40078615213445 -1.09762880701529 0.427589480428654 -1.09628144103698 -0.447928932275474 0.197149477158745 0.494957779344023
GS1_SS_04978_04678 -0.120993772169609 0.451881158101305 1.0419229543349 1.44340610991384 1.85527245055086 0.589389138887091 -1.17315652472131 -0.927421145013511 -1.57983127282929 -1.18353970977939 -0.557260597693102 0.550452194919306 -0.200079031695287 -0.190041952805814
GS1_SS_05016_03658 -0.0468277507499319 -0.723597607923889 1.76428809385736 1.7834767702876 1.25800224650585 0.769429023551482 -0.347425747289684 -0.828987723086856 -0.0276390743196998 -1.32361275937692 -1.04316287308891 -1.06235154951914 -0.412888654957438 0.241297606110169
GS1_SS_05145_02679 -0.0575168451386956 0.235994281947883 1.05253541166258 2.04014916050768 1.83537395556355 0.0246065443441042 -0.346761822122271 -1.01654738829368 -0.702985355722988 -1.27251639447383 -0.758445307062021 -1.14026574128075 -0.223896699155797 0.33027619922424
GS1_SS_05159_04996 -0.12977252171543 -0.632128714708796 1.06078789929286 1.09724481471744 2.03744947566719 1.32658531024551 0.664147623959243 -0.450575103308683 -0.536189463591474 -0.485295975141619 -0.654331798538805 -1.34692182089052 -0.851692543694437 -1.09930718229248
GS1_SS_05324_16217 0.0509583507190023 -0.281686438696707 0.203302586722686 1.00165008132039 2.2290739665208 1.53016603131226 0.39421946320117 -0.854967884285483 -0.932820920106181 -0.28097868382561 0.0138012199863965 -1.20707593265637 -0.417929251382928 -1.44771258882943
GS1_SS_05381_16112 0.0136966018706529 0.521888314784704 1.12058762258721 2.09199833045832 1.67600068935611 0.409962462969231 -0.900373890605285 -1.06171351627601 -0.498992382839098 -1.03922715729751 -0.97738967010664 -0.808741977767906 -0.488311362324312 -0.0593840648094651
GS1_SS_05634_21734 1.19048396360824 0.326142743781927 0.211709673069021 1.79683062400909 1.05170785785277 0.776444307756089 0.242324234844162 -0.328354974944874 -0.419009745249904 -1.81747103798814 -1.79963731268223 -0.32538268739389 -0.236214060864353 -0.669573585797902
GS1_SS_05706_10336 -0.699067419904304 -0.0797721783812841 0.245357823418301 2.18729075933691 1.27161850937073 1.7095487158763 -0.197880628014603 -0.944573747793787 -0.796385243572207 -0.989693829676179 -1.11311052423684 0.0440868699233199 -0.575341077722884 -0.0620780286234835
GS1_SS_05714_11038 -0.0336702015029521 -0.267828861224843 0.0259135716010724 1.69815722236169 2.01278181865864 1.15939740480894 0.236405779389122 -1.28743529630399 -1.18525190971905 -1.4620073986334 -0.0893559707590498 -0.0409093515062448 -0.172884624643196 -0.593312182526734
GS1_SS_05819_07196 -0.426113448954371 0.458701499511716 1.09413050396903 1.93534279271504 1.8040030738021 0.780935789638188 -0.581381456738084 -1.38271326403279 -0.905210966122608 -0.65901546062994 -0.805243892618026 -0.512787028641855 -0.219266685160316 -0.581381456738084
GS1_SS_05920_09334 0.232568982393167 0.234835903710674 1.21441260949938 1.78647687138796 1.19307687945225 1.18507598068458 0.479663406001453 -0.621793657681464 -0.889823766398493 -1.46588847767091 -0.9604983721796 -0.885823317014657 -0.793812981186423 -0.708470060997916
GS1_SS_06028_02857 -0.0192000421760405 0.0855454272351943 1.43142589268899 2.16859683779069 1.23379293153571 0.164598611696504 -0.259916988860727 0.095427075292858 -1.21999815084721 -1.66943526780587 -0.264264914006099 -0.354385544291992 -0.991554211050145 -0.400631657201858
GS1_SS_06177_10673 -0.230313639210695 -0.367579193062527 1.83075092785285 1.70067222247325 1.07466845283388 0.544055733806228 0.42373293133009 -0.409854772310899 -1.06729422908367 -1.14479945770569 -1.15780732824365 -1.32907762366013 -0.252947333946747 0.385793308927705
GS1_SS_06314_12222 0.671739628791142 0.973641756817855 1.16760683907203 1.96256217618631 0.877161715903859 0.25205145081526 -0.0137339768955542 -1.48760428691523 -0.485317361878479 -1.14791414286387 -0.871539025662319 -1.29162920380868 -0.598781909995043 -0.0082436595672921
GS1_SS_06375_02251 0.728924814833546 0.150329938095118 1.29191043299976 1.03584843844441 1.94609621361035 0.46058587533376 0.311508686722768 -1.21960173277601 -1.29852495027595 -1.42076824493696 -0.549631308665435 -0.989847477387307 -0.353200189554481 -0.0936304964435762
GS1_SS_06429_11644 -0.471345105575912 0.219664840161272 1.37713361897065 2.0236672573684 1.22200893727455 0.0374204588679492 0.227800750040439 -0.612843765406387 -1.47043483873752 -1.37388870817142 -0.334661819605919 -1.25130766599198 0.255462843629604 0.151323197176276
GS1_SS_06436_11898 0.00927105362842852 0.635301291063223 0.934878064369716 1.56943017938216 1.39112627929602 1.15513582329965 -0.269197684447279 -1.09988408955447 -1.14970429693148 -1.52204479417019 -1.28998751244043 -0.224621709425744 -0.484997845875064 0.345295241805471
GS1_SS_06448_16412 -0.0762159519922328 0.50788844957716 1.09902464707586 1.43665426044651 1.71585792234566 1.27120023858034 -0.288203917508256 -1.00327551826108 -0.862122555856512 -1.10720132574577 -1.12788307847904 -1.07100825846254 -0.637208494882195 0.142493583162103
GS1_SS_06461_16032 0.278579562699422 -0.069251386774343 0.79349995291869 1.43492456004341 1.77622625961238 1.09510678090735 0.57150545615557 -0.854022707718032 -1.33258704733104 -1.17306560079337 -0.969026541268445 -1.21387341269836 -0.483042599490893 0.145026723737652
GS1_SS_06533_00190 -0.183312835650464 0.170247999826306 0.0125118425468569 1.34933612563174 1.73353338010767 -0.00529040092562681 -0.568338101450694 -1.25434548363454 -0.597318497801249 -0.808461385498149 -1.13469784727297 -1.19348665129838 0.782438172448671 1.69718368297083
GS1_SS_06548_03425 -0.652315813126521 0.0388826775988698 1.63043372338733 2.13166091898945 1.29009426958342 0.632310925231502 -0.768650026426766 -0.589817113427986 -1.19685893921277 -0.977804090764441 -0.278561212949139 -0.644271426036611 -0.69315654758299 0.0780526547366651
GS1_SS_06737_20349 -0.279982465087719 -0.0628343486005441 0.389942575138671 0.743385786016731 2.21491078816918 0.676393281994092 0.248565290787446 -1.89935299335909 -1.57594090497394 -1.09313285874182 0.374464996623095 0.505446892419083 -0.31694384661745 0.0750778062322678
GS1_SS_06993_02425 0.465260002168015 -0.059247164306225 1.68901745360818 1.69735178358393 1.1520087921703 0.412753723320752 -0.402899370306561 0.519433147010429 -1.25852946671758 -1.38357219745384 -1.22994271490074 -0.877956178924649 -0.170760499381839 -0.552917309870168
GS1_SS_07006_00933 0.145157565882478 0.0934172850421901 0.789111277639312 1.34683118799567 2.17333177804183 0.831668218590198 0.57632657288488 -0.366421661127124 -0.5767425429844 -1.04397295784518 -0.616163709338905 -1.37905287185848 -1.00679163048809 -0.966698512434364
GS1_SS_07083_02887 -1.08400110552029 0.581262267257251 0.591104249365866 1.13455282666761 2.20861261330335 1.41911448328624 -0.268935217634069 -0.988961791332325 -0.748560680522781 -0.973129037505424 -1.09273051573837 -0.252310826115823 -0.312218543298693 -0.213798722212549
GS1_SS_07097_15694 -0.163001309464054 -0.202734009343124 0.0573489623752553 2.13864592655861 1.86479106285028 -0.140839644192859 -0.680634491155534 -1.17768898366662 -1.49111824964495 -1.03522113549465 -0.341244417288092 0.292895804686241 0.190160656393344 0.688639827386149
GS1_SS_07205_21738 -0.362430724698391 -0.13877481187011 -0.0280447456311427 1.21204834747004 2.63825996550546 1.16813274046308 0.417594104520394 -0.789248600418375 -0.303040094269937 -0.539347884354985 -0.642863243728523 -0.64704568249109 -1.18239784409969 -0.802841526396719
GS1_SS_07290_12861 0.016501053201724 -0.118355269918965 2.08234356825343 1.6582302042362 1.31229441883965 0.231489394408619 -0.356405996818963 -1.50463918281033 -0.715045638741374 -0.797132096293098 0.239307152270688 -0.454127970094824 -0.63628172828103 -0.958177908251717
GS1_SS_07453_03849 -0.731578726537358 0.0672019882843305 1.11157280192193 1.14329906248535 1.77205586274218 1.44181433233205 0.726531366902269 -0.598040011620427 -1.00110773105112 -0.858339558515741 -1.35730711101313 -0.81363437317638 -0.736337665621871 -0.166130237132079
GS1_SS_07510_04610 -0.366901363093095 0.193760623496408 0.707113201075519 1.4959066166911 2.05543135787169 1.18202688383369 0.210045977751909 -0.847728721977561 -0.52702551666673 -0.896857723642199 -1.17434560341469 -1.24258032794891 -0.835446471561401 0.046601067584275
GS1_SS_07565_03331 -0.649758165650313 -1.16538403492911 0.768832988482703 1.51983857246507 0.895315766211346 0.178805485245878 0.471451912147444 -0.817274571804292 -1.40662569655059 -1.35927920221366 -1.0666327753121 0.642801129747745 0.646183022200382 1.3417255699595
GS1_SS_07586_21362 0.0294091314947125 0.174681898062565 1.29598325207373 1.88145440175925 1.21276166720571 0.141831272456769 -0.877998149127604 -1.53501066124352 -1.10649250056347 -1.29848615688179 -0.754625799630282 -0.185944969698838 0.294404178048132 0.728032436044638
GS1_SS_07744_18917 0.68096576113655 0.747023097835644 1.32140736837157 1.68755374893227 1.42709910709012 0.290661268868761 -0.363998393693878 -1.51465428724286 -0.89560267474849 -1.09503291983052 -1.08748350992205 -0.695543312174092 -0.397341620789611 -0.10505363383343
GS1_SS_07830_20963 -0.125700192851151 -0.273610516959518 1.57658916228889 1.36132681559547 1.79911496239836 0.722010852194927 -0.422181155014797 -1.11286954348512 -0.439349317634518 -1.05080003247536 -1.42453772642775 -0.935905405712607 -0.101730796578232 0.4276428946614
GS1_SS_07996_00533 -0.1597278824712 0.0060564618707246 0.747023894024897 1.87397777674614 1.86765013001554 1.12098781580382 -0.164157235182625 -1.62521086527996 -0.760221557205879 -0.93170078360535 -0.581781919402739 -0.648222210074121 -0.441940926656307 -0.302732698582936
GS1_SS_08000_15358 0.0979666822315538 0.123001192945223 1.09117257666775 1.78089889224844 1.63018091958451 -0.00625862767841741 -0.132452998010588 -1.02526539540115 -1.42760574615655 -1.33053315359335 -1.27075687290969 0.651791368223754 -0.196316545749541 0.0141777075980476
GS1_SS_08035_14459 0.297784622064621 -0.00640041889805848 1.44054058531965 1.47178391327391 2.12789380031338 0.2133026632763 -0.455304554944872 -1.04642831983948 -0.966445400276571 -1.30137387594624 -0.629017458370559 -0.803980094914417 -0.352826439254898 0.0104709781972421
GS1_SS_08068_08908 -0.458444635841552 0.569629159052153 0.769920056750147 2.33994225483442 1.41472752740369 0.494681597332903 -1.16191795653051 -0.22895003305985 -0.360625145804532 -1.41389682782798 -1.13090517237082 -0.119371529028947 -0.54553887135668 -0.169250423552448
GS1_SS_08083_15603 -1.0631341365258 -0.934463216495614 1.30106325589868 2.12853234324724 1.40671986502915 0.48405521895907 0.161854866363169 0.301196057810487 -1.52132814443815 -0.402309582191928 -0.548450456405069 -0.629000544554045 -0.47626920858326 -0.208466318113939
GS1_SS_08110_16284 -0.178176831709526 -0.487622212797522 0.500934969750733 2.53569472886681 1.36806887553438 -0.282404610087877 -0.315912528483929 -1.21002938465971 -0.842080061130581 -1.43938446299286 -0.257776535366327 0.806332908279909 -0.192036256229123 -0.00560859897436539
GS1_SS_08201_08606 -0.154255978892896 -0.554547989956293 0.826376400077353 2.10631425785932 1.21936017525412 1.51002864801799 -0.716657949623462 -0.913315933481994 -1.02293947178151 -0.926603635094057 -1.07609027822977 -0.508041034314073 -0.108413408331278 0.318786198496547
GS1_SS_08260_21632 -0.462055933057688 0.216947037222386 0.579146345693264 1.80193121109095 1.13934794279489 0.950424783496479 0.596531912499866 -0.305585831798268 -1.22702087254818 -1.49939475251828 -1.25792854687103 -1.31781216587155 0.142575445883032 0.642893423984139
GS1_SS_08314_03356 -0.787815822636593 1.29717525874046 0.124503753145087 2.08294494106116 1.08795093631358 1.09846654350661 -1.00175403794311 -0.858524215831119 -0.617390464680555 -1.20844011035788 -1.04889296673946 -0.0684032477753638 -0.410704392265787 0.310883825462965
GS1_SS_08369_09651 -0.462224706213218 -0.359112785202702 0.16622266789151 1.61165162833238 2.61251226116584 0.83656653360322 -0.00857880542428678 -0.775284601832055 -0.5297246093578 -0.9265774881906 -0.8881723708842 -0.615845175438818 -0.766672545223953 0.105239996774681
GS1_SS_08581_04891 0.240793329451667 -0.190575721026476 0.928274241840823 1.31741438092902 1.78005876851166 0.0267662529531566 -0.434725126809962 -0.819253234620081 -1.69049476824533 -1.87785853891743 0.126933807274009 -0.37174207466865 0.1110799497556 0.853328733571985
GS1_SS_08724_06083 -1.53591318056678 -0.18531751713377 1.09504658285679 1.22917856251312 1.38083162403454 1.55457008286491 -0.0067202708954361 -0.494218607494879 -1.287084370886 -0.883657780042607 -0.986722967484349 -0.618633012335268 0.731520943151561 0.00711991141816935
GS1_SS_08742_01597 -0.91787095086142 0.248360100135896 1.720437255209 1.58133382642231 1.75470911447529 0.373754785216076 -0.141411739307865 -0.805600371888507 -1.44285535506929 -1.12412706389282 -0.240316293166926 -0.281442524286471 -0.32801193305419 -0.396958849931073
GS1_SS_08845_19043 -0.8054357326366 0.0721719241870473 0.696534438982991 1.78466498826463 1.41457706729325 0.625502264999611 -0.155336922919142 -0.927940496463009 -0.939779192126906 -1.4478136538776 -1.35001573317585 -0.40086117647039 0.265194136098407 1.16853808784357
GS1_SS_08942_12333 0.325018977566834 0.187724049741722 1.9434463278664 1.47296234127009 1.41473877406656 0.586461576106581 -0.176079336301015 -1.30298708862751 -0.647502412690933 -1.10671732176398 -0.992148366944119 -0.965853852723168 -0.325394613484276 -0.413669054083185
GS1_SS_09155_12563 -0.0523318096595359 -0.119027506289085 0.54985928779442 1.49144559315277 2.24959222415639 0.871143804149802 0.439275914161737 -0.848735686043035 -1.4626754054152 -1.25696848735268 -0.761787401088773 -0.471252887948923 -0.359810634916083 -0.268727004701801
GS1_SS_09323_11790 -0.441377450864877 0.59895272577268 0.591007808429823 1.87808441797269 1.12218228220942 1.54212791318901 -0.29133201190406 -0.350578395517938 -0.888789796086921 -1.57523065450978 -1.15237945375909 -1.05699504611713 -0.0507145152346708 0.0750421764208401
GS1_SS_09480_02484 -0.417013054964337 0.322201864139538 0.0593146761019243 1.55091372127186 1.71366524127624 -0.290290497403673 0.151002173631111 -1.44570205163326 -0.97521349723891 -1.88923100309558 0.0298703171392994 -0.490064882264014 0.896180507208428 0.784366485831372
GS1_SS_09526_12818 -0.377915039649158 0.135571509702262 0.991078082857101 1.31885488089615 1.7141956985867 0.928992226961125 0.233265430009165 -1.18192687350204 -1.5617462272186 -1.59096310058141 -0.809411738126188 -0.307246727202857 0.164423172148039 0.34282870511971
GS1_SS_09587_09094 -0.0423069321808982 -0.0900092746997954 0.238841387443753 2.06335045263556 2.06757189887617 0.337623229474036 0.000470389723953713 -0.528054679600466 -0.276737913409461 -0.234354593153733 -0.850713887257786 -1.84008017118217 -0.875198275453326 0.0295983687841653
GS1_SS_09749_16325 -0.365227517399837 0.0221227485630456 1.34914109187221 1.54079456375781 1.58769710118129 1.47003642540342 -0.0482310575721752 -0.983855812726779 -0.814036280676246 -0.967682523960062 -0.894902724509833 -1.0970688340938 -0.619956815475637 -0.178830364363419
GS1_SS_09804_18695 -0.102589840504581 0.189121889740967 0.632567807129349 1.70168762452802 1.94784235911809 1.17888435986881 0.208336654844042 -1.24114733676522 -0.708424403697159 -1.04275396858815 -0.969274943337384 -0.870078259248848 -0.759859721372697 -0.164312221715225
GS1_SS_09841_10118 -0.41224006460189 -0.118830765952858 0.125710708128077 1.23085200783269 0.972854176261989 0.343137115989032 0.524646178670537 -1.27627986131318 -1.49684271340107 -1.80846362369039 -0.921153434327625 0.822102502128521 0.65212746015253 1.36238031412364
GS1_SS_09852_17545 -0.0818758425282679 0.280829938121564 0.494139609439017 1.12012755560602 2.07220047753302 1.80584674342249 -0.0899117913573898 -1.01863625829427 -0.443992244702621 -0.658208652136196 -0.771437324636799 -1.1875158599218 -0.864491118553712 -0.657075231991044
GS1_SS_10031_01931 -0.168225891391748 -0.587031248065287 1.66646200110767 1.32357166618368 1.97940558188983 0.793514117873227 -0.690048082313193 -0.0315189587342795 -1.44949776735009 -0.497190985639787 -0.705620394466947 -1.01227515687932 -0.378901306779546 -0.242643575434204
GS1_SS_10034_17347 0.443796595732176 -1.14938662831246 -0.479800058288747 1.85229613236419 1.41184565094174 0.130491183918038 0.0130971278579869 -0.571454493729255 -1.41925802155396 -1.34033336881352 -0.683476581489876 -0.0115986505801501 0.363929939071933 1.4398511728819
GS1_SS_10098_07390 -0.664003572930775 -0.629802168965084 0.34642044857596 1.9268874263572 1.98321114373302 0.795719435726034 -0.552529548957788 -1.2248939251317 -0.184078564457596 -1.0125065741937 -1.2917783395155 0.08932614697089 -0.0503097356900106 0.468337828479049
GS1_SS_10120_18881 0.479421291321056 0.711327062668727 0.6119143890681 2.11681658598795 1.32494322041053 0.65133665618559 0.0624022656825615 -1.18779780542602 -0.468255729951134 -1.16208763121896 -0.329077986910255 -1.47232373331747 -0.85990738370533 -0.478711200795338
GS1_SS_10234_14797 -0.239278287527296 0.492035638661062 0.0264125121778292 1.15559841092461 1.78528560622576 0.616910314522471 0.832784089282886 -0.926089004765046 -0.977234483708283 -1.64278993696962 -1.40233976323648 0.658756615476028 -0.938045090751777 0.557993379687859
GS1_SS_10389_20048 -0.425191748470294 0.115655424995227 0.190034532235974 1.93070757589725 2.14610408555371 0.765210524427993 -0.103106655124616 -1.67045281992171 -0.479040875884409 -0.798770069905718 -0.499234298664702 0.15301325713877 -0.536255573761906 -0.788673358515572
GS1_SS_10440_11861 -0.39616909418463 0.216825114234524 0.520112824682744 2.11090233239528 1.83810386267995 0.923426640693252 0.0397735583996722 -0.574290447939934 -0.346958389843826 -0.970115678507276 -0.376377832656263 -1.4515247427108 -0.86848487606431 -0.665223271178378
GS1_SS_10523_12327 0.250590761463267 0.521859953481861 1.1712178964627 2.5681708934051 0.63321898903401 0.437808706902691 -0.960562876479864 -0.659113257946977 -0.481789952927632 -0.949923478178703 -1.30457008821739 -0.843529495167096 0.0597554206014475 -0.443133472433415
GS1_SS_10593_16243 -0.269221925698801 -0.155087697660595 0.966517084639676 1.88817242985046 1.95081753245789 0.669596461322237 0.211343244988384 -1.41313866235241 -0.452866473068547 -0.974622944100349 -0.556599897769739 -1.0853245637765 -0.674269712420858 -0.10531487641085
GS1_SS_10600_09615 0.0316201812611338 -0.520943613958394 0.775528924996681 1.55017074077111 1.51228065195605 0.0461447153069043 0.129292410206605 -1.00635775177791 -1.81994215883447 -1.6589092813705 -0.627667364120795 0.793421466937123 0.414941579773424 0.380419498853042
GS1_SS_10637_20898 0.0231148123510625 -0.268552653133734 0.159830564762915 1.29715024149608 2.24024075142473 1.4136877415788 0.0921740716593383 -1.30228344090449 -1.05625982961876 -1.09078945927289 -1.00770253791762 -0.296607977227721 0.0821388980411045 -0.28614118323881
GS1_SS_10715_12900 0.168477681883129 -1.17589433788472 2.09335335232049 1.40346629288527 1.548705673819 -0.44243546416938 -0.392418652360326 -0.284033764338529 -1.61206635375134 -0.650763201196201 -0.155133813759842 -0.163303528937365 -0.541833665495903 0.203879780985726
GS1_SS_10761_09406 -0.262861380039566 -1.13112760151448 1.7379007232118 0.913818119301062 1.38908268981043 1.24374184255986 0.673715039643118 -0.549182849123192 -1.39564794351052 -1.1994087315528 -0.56139148029224 -0.892768612023544 0.197287742355744 -0.163157558825674
GS1_SS_10879_15318 -0.866663381365363 0.399997849567948 0.86511354530018 2.80117205545109 0.60543356629335 -0.606694869048526 -0.670172197250196 -1.46046493336098 -0.441653815724186 -0.845888983044817 -0.365019368586171 0.139163737321088 0.137144004151035 0.308532790295542
GS1_SS_10916_08223 0.775218036471002 0.238714477929127 1.20129055459988 1.6882305753186 1.1201338844801 0.598412433710038 0.638990768769932 -0.16251830223809 -0.725310824993768 -0.98964969338393 -1.32413111237762 -0.522708994944729 -1.62325141081912 -0.913420392521416
GS1_SS_10924_11346 -0.516189494313614 0.169961547663132 0.60809482707819 1.04943441977351 2.6865402593442 0.98530815416821 -0.308533557750558 -0.831162622433781 -0.367001623449512 -1.0818208782851 -1.0516438121179 -0.614076352693474 -0.684992458186398 -0.0439184087969095
GS1_SS_10941_12973 0.504844150346025 -0.200279930093184 2.04318139777905 1.21703396540423 0.716997361598419 1.27682095064188 0.0654098088492877 -0.476387098281611 -1.20343307330796 -1.32844222425941 -0.937109229976603 -1.20162134648258 -0.349928565869851 -0.127086166347696
GS1_SS_10963_08117 0.0636531346341989 0.512891330028386 0.937687839057275 1.10095830397747 1.44314191309165 1.10829080988706 0.646831771310222 -0.668619788870146 -1.11345848071858 -1.78560485576429 -1.44097707801358 -0.898371640703952 -0.226225265658242 0.319802007742528
GS1_SS_10965_17355 0.403570569142511 1.40138412486039 1.31998354531498 0.912980647587955 1.56943693424445 0.369434842236373 -0.452448428657564 -1.53954003936073 0.0230885053964043 -0.581639025871563 -0.85708808375263 -1.13778879192695 -1.32002105710279 -0.111353742110847
GS1_SS_11015_09491 -1.10230852461541 0.72281048181062 1.19972942965802 0.398041641788642 2.18222339947241 0.561790636757707 0.329812893884865 -0.979837922128134 -1.21966197100991 -1.3097239182429 -1.09207421242985 -0.137554029256008 0.179709648496555 0.26704244581339
GS1_SS_11152_07958 -0.602639796252541 -0.697764048545621 0.126119410762103 2.26115975219443 2.26339796989544 0.636213701258517 -0.17637123509449 -0.809674933596304 -0.818627804400359 -0.525757018222722 -0.194165065817549 -0.717908007854744 -0.495205346603885 -0.248777577722282
GS1_SS_11206_09050 0.150477900460401 -0.216754228134579 1.53952629471733 1.56805490904697 1.84743858041309 0.592671422569813 -0.00278962066228247 -1.57894637510878 -0.810641278851935 -0.609957233222747 -0.34041101507374 -0.84212112914671 -0.375038850397992 -0.921509376608844
GS1_SS_11332_10018 0.2407084393537 0.111266264100648 1.02526509081275 1.8570775321272 1.68850424667809 0.607977121914134 0.21390252347081 0.164159586780909 -0.817710713548076 -1.34305139492308 -0.80831482550665 -0.776534615954769 -0.897575761900194 -1.26567349340546
GS1_SS_11342_08704 -0.69151527569882 -0.386009375417392 0.489440628695613 1.80898820849584 2.37732736785745 0.702520609207104 -0.437934049445447 -1.01665814361268 -0.531964913685342 -0.992111934072141 -0.944813276457495 0.20782007846709 -0.533286632660602 -0.0518032916731841
GS1_SS_11359_16377 -0.567835185216984 -0.411857195865028 -0.220017231121902 1.84312653385203 1.87337157333856 0.58126027927478 -0.231683174923849 -0.312912709544812 -2.14079327451282 -0.285692174006936 -0.306431629654842 -0.768748661806068 0.110517843266592 0.837695006921278
GS1_SS_11381_03856 0.0758475712411129 -0.682409572870664 0.820436911033415 2.14029801472004 1.34878934666686 0.288351328847042 -0.756460512691104 -1.45413052422252 -1.53776932677453 -1.01145686193504 -0.134065423456498 0.371643336364082 0.283516598065377 0.247409115012435
GS1_SS_11412_17818 -0.636201825791771 -0.0552461210638851 0.381438916989909 2.05749612512986 2.12721080969721 0.723428175173058 -0.0668652351584428 -0.485540646365672 -0.00876966468565427 -0.629230357335036 -0.980902210596983 -1.16680803610991 -1.08353771843224 -0.176472211450437
GS1_SS_11513_08320 0.217545548454871 0.221733071257474 0.262561418582854 1.56095520756495 1.97970748782525 1.2547426026246 0.0691502091376273 -0.959410079251737 -0.899737879314644 -1.13319227555976 -0.976160170462149 -1.30749791221811 -0.445915095582543 0.155517866941314
GS1_SS_11619_21353 -0.222494048449838 0.0926819770602234 0.442142958297031 1.10517433350849 2.09122099407937 1.70964738213432 0.0964599336141348 -0.95097852095781 0.0604663970358821 -0.39089646184044 -0.89808712920305 -1.02748214117452 -1.24754811043986 -0.860307563663935
GS1_SS_11620_07458 -0.234314948581663 -0.16449531927967 0.382928744632537 1.01814423308848 1.92850313542243 2.0048435045909 -0.278846830596602 -1.37957952854442 -1.12352120695852 -1.16010096718508 -0.282186721747722 -0.552558862552705 -0.0102241565850624 -0.148591075702907
GS1_SS_11666_17875 0.124972873291927 -0.489189931421679 0.115686054486542 0.758366789514027 1.82676187331931 2.30589597628737 0.617009901502867 -0.584523646591997 -0.462890975512626 -0.939559551364213 -0.808064771818948 -0.879565058196686 -0.806421087074632 -0.778478446421263
GS1_SS_12168_12051 -0.0924195368987173 0.463276723742526 0.905026891682274 1.31950853073685 1.85033589303482 0.455459745462111 -0.744719105870489 -1.55095860990867 -1.81455438913198 -1.01849513587759 -0.335872962785512 0.0142549481000663 0.148779690600236 0.400377317114068
GS1_SS_12256_02417 0.170952035460059 0.0200353631435355 1.29546684996443 2.27533718633677 1.23850508645226 0.153735502443458 -0.208579714682852 -1.32797437066928 -0.9401223629347 -1.34077476696415 -0.87292028238663 -0.539469958905254 -0.0428145826642786 0.118624015406628
GS1_SS_12458_08039 -0.168558670036651 0.632997293691764 0.449337760636511 1.09689724209057 1.63384873758197 1.55843420169835 0.288453417418112 -0.769361139242859 -1.45814723364663 -1.41289851211645 -1.12129564003311 -0.925217846735683 -0.164536561456191 0.3600469501503
GS1_SS_12481_16967 1.09216293743244 0.339342689087359 0.923531201803143 1.20659161518089 1.59404310299583 0.952238747273369 0.101250738544088 -1.45738830362957 -1.17794142744388 -1.52162896482168 -0.587931104807557 -0.646349956079135 -0.393803856767638 -0.424117418767667
GS1_SS_12548_14663 -0.236657521091444 0.0313848938915769 0.590372985823993 1.83434566818713 2.21701862373502 0.826259449467692 0.140303897806476 -0.803813110433316 -0.963164982967437 -1.08367840628177 -0.924326533747651 -0.703861219058867 -0.67073430648905 -0.253449438842352
GS1_SS_12584_09103 0.76278526323684 0.0388376401177359 0.932585002105589 1.82571936864626 0.958943806334312 1.14590741772409 -1.1258537095235 -0.732923627881377 -0.658751178772646 -0.985477752119371 -1.84857534174824 0.271162914598803 -0.526344162181853 -0.0580156405366405
GS1_SS_12690_21299 0.787654565917722 0.25899752505924 0.596405107018918 1.7459231961562 1.08152568568905 0.512441929941394 0.302533987247585 -1.04709634059113 0.00772994328650217 -0.939810058769848 -0.969352658111939 -2.11062991690643 -0.814953704708271 0.588630738770999
GS1_SS_12793_17490 0.899102207189043 -0.212995682275419 0.817767340449026 1.79456780735558 1.8860695324381 -0.235675597039463 -0.533642753077409 -1.19136028123466 -1.38765885384759 -1.20621953573524 -0.224726672670614 0.369643507352587 -0.577438450552803 -0.197432568351128
GS1_SS_12855_01490 0.209460146280496 0.201250622070174 0.918557799947042 1.85444355992373 1.52195782940569 0.853907796790758 0.738974457846253 -1.06568420168774 -0.706927993696675 -0.881380383166013 -0.581732749489267 -1.28364706947178 -1.06301610631938 -0.716163708433287
GS1_SS_12997_06596 -0.0356944798809936 0.464896717282139 0.114726053340128 2.42765887132218 1.27084507079947 0.65248814439393 -0.59812136968468 -1.50133935207479 -1.02193903834465 -1.39364797725135 -0.351473382185843 -0.077381463683614 -0.205742634642516 0.254724840610595
GS1_SS_12998_12986 -0.590019508181865 0.74912759352526 0.704081967418293 1.35671975961924 2.02542033322266 1.10652447973054 0.295179423455048 -0.860642455723722 -0.39098069515108 -0.866416327256115 -1.05793531425424 -1.33030421629636 -0.850166728722102 -0.290588311385552
GS1_SS_13003_12511 0.557409096375676 -0.483855862101979 0.976107216521428 2.80252248930381 0.3838649366294 -0.155766061150072 -0.343376431738941 -0.610634437748206 -0.551446745371581 -1.58175102007579 -0.427225662605826 0.49347177436389 -0.840078084739071 -0.219241207662744
GS1_SS_13205_09525 0.204588727279353 0.181743669395574 0.394581545358014 2.41217899413897 1.93231797929377 0.286325818803224 -0.516350787846928 -0.571224846482336 -0.667885845166464 -0.67247781660039 -1.28780198874639 -0.638038030845949 -0.43254730917779 -0.625410109402655
GS1_SS_13300_20984 0.207221045956876 0.500362701292101 -0.254101956327741 2.13514809773759 1.60216326985536 0.149891585478788 -1.31245754312245 -0.487674719134953 -1.31080036340551 -0.843296528663094 -0.423403019302096 1.12516424322127 -0.361370751519164 -0.726846062066977
GS1_SS_13323_19548 0.12993952669262 -0.131756129868847 0.94641586758183 1.37140679232114 1.87575286898272 0.819447624506186 -0.0361772579980147 -1.40757359559279 -1.76223998469857 -1.22967874290907 -0.331748747191191 0.334499473870046 -0.359946277840907 -0.218341417855154
GS1_SS_13366_19642 -0.136619542382989 0.708983519945404 1.21231867609326 1.60743677366932 1.55961993383528 0.437182535625564 -0.959572522684728 -0.565712762999033 -0.415970554045047 -1.57615808896585 -1.26283195426381 -1.08792298750243 0.167898227086462 0.311348746588601
GS1_SS_13411_20950 0.0540547371678533 0.249501096171489 -0.0747565514023503 2.56959057453404 1.56387166762053 0.171718894996405 -0.172603587912409 -0.788172918868093 0.133323222441825 -0.473576117937019 -1.44089935229595 -1.28360095183041 -0.483484678596265 -0.024966034089637
GS1_SS_13564_13559 0.548835723652723 0.259383358006744 0.656497884045435 2.01374708637323 1.68370079139885 -0.0177143334958097 -0.0957252759442992 -1.18117164711672 -1.49851027725786 -1.314072641831 -0.64074290101429 0.363515611501334 -0.599089999616454 -0.178653378701872
GS1_SS_13730_16876 0.314580774911658 -0.513292730973961 0.706202878100138 1.32208721131963 1.43031326262813 1.00968211475902 0.942738165496029 -1.15707037638636 0.23547534153256 -0.0540572390298628 -0.728629101103239 -2.03849904168237 -1.10463094946369 -0.364900310107671
GS1_SS_13860_18733 -0.780533899900915 -0.0434676096245584 0.362962386503984 2.15235282891857 0.987436583258245 0.111964402408384 0.432165331790736 0.0114553628252446 -1.47860487973791 -1.32427132715397 -0.873902953065581 -0.824472277860758 -0.161552000391635 1.42846805203016
GS1_SS_14120_11795 -0.0916294366501321 -0.0702210221258056 0.24144566373997 1.17445424091643 2.12439040167026 1.77588132801844 0.16955322054665 -0.922574642257128 -0.0224254920249838 -0.742345664168612 -1.20287551149424 -0.882745033839776 -0.880255683313692 -0.67065236901738
GS1_SS_14303_19976 -0.0762122539814672 0.413748685935584 0.646698522868308 2.45972258268023 1.48347885816612 0.357197047890732 -0.306556730895864 -1.13720680732702 -1.1831837488269 -0.936440829444216 -0.95023391189418 -0.453069917808814 -0.477897466218749 0.159955968856248
GS1_SS_14320_02139 0.864886722210359 0.503961188659236 1.13291361446534 1.33068103010979 1.36320856557763 0.928380471443578 0.0191708000465871 -1.35739450095229 -0.836953933466893 -1.83359762020143 -0.60431699980092 -0.860373759003736 -0.348104108427858 -0.302461470659389
GS1_SS_14500_13207 0.545829008000028 -0.177990889014876 0.776172445151576 0.659436078302179 1.85754848678211 1.9432640009023 0.206776529924626 -0.719359191688241 -0.754733848309271 -0.598269020947026 -0.713916936823468 -1.4935199462023 -0.820040906686555 -0.711195809391081
GS1_SS_14539_15046 -0.0296894472056582 -0.0184682388129685 0.87689068085373 1.37405255269651 2.00134927187118 1.33898627646935 0.271568828114747 -0.66836322488958 -0.547579384551601 -1.13357582283651 -1.21150088111907 -1.14838158391019 -0.695636995288479 -0.409652031391457
GS1_SS_14542_04860 0.0699624092776239 0.217563000389952 0.909104956179619 1.78564808112935 1.92155440699295 0.667844889336484 -0.0411857874557853 -1.40340965832117 -0.684897144840743 -1.41078442018974 -0.91878244981531 -0.55425850602612 -0.447219105190912 -0.111140671466196
GS1_SS_14714_13636 -0.722491711909281 0.432952347178892 1.02009905637239 1.97556657945112 1.09231882380087 0.206687815825479 -0.290906381756714 -0.389630803831439 -1.46137215247001 -1.64481036173834 -1.17971505949896 -0.0634863341244459 0.274791056510531 0.749997126189898
GS1_SS_14899_12777 -0.36220895381946 -0.471918084833422 0.140059756192637 1.38362852118231 2.46607208583692 0.127646412561277 -0.162825828412552 -1.09606100261821 -1.51612855110344 -1.0603105729599 -0.278021657311575 -0.232588819620797 0.16563124407324 0.897025450832984
GS1_SS_14970_15316 -0.925844984262398 -0.145344159667758 -0.568628221747783 2.0855753974015 2.29919339491855 0.789626212464763 -0.331749597834438 -0.856419135069358 0.207991875891963 -0.143409730023576 -0.659415870692528 -0.641614370899441 -0.845738235193506 -0.264222575285994
GS1_SS_15001_09205 0.654908406751536 0.407470399264848 2.11131983678283 1.06043180791027 1.21779369863646 0.298944957384723 -0.041463178645939 -0.918348749037356 -0.836773791890795 -1.88422518177048 -0.408279172200765 -0.387297586770607 -0.751400444278429 -0.523081002136291
GS1_SS_15006_15455 0.0617133845380685 -0.423790676201915 0.853399770420556 0.740846766162564 2.94898409546131 0.164251079095138 -0.26497647951585 -1.03377072893908 -0.155618835971961 -0.921646952239703 0.137066667049775 -1.08957031155851 -0.708988542923437 -0.307899235376948
GS1_SS_15041_02285 -0.390201149880533 0.339784557765712 0.467918086305597 2.09951334883531 1.02146342933445 0.268528432994499 -1.09851252931605 -0.50859539695318 -0.806688240988617 -1.15163588277371 -0.698316599934983 -1.46683444662252 0.791262231017911 1.13231416021611
GS1_SS_15058_11513 -0.805180955550695 -1.07541374546254 1.23843568922861 1.90769114384307 1.85045119949162 0.959948296815547 -0.389438201840157 -0.907610329653292 -0.726250084918694 -0.396969773465348 -0.903693912408192 -0.304482073908004 -0.280983570437408 -0.166503681734506
GS1_SS_15104_12536 -1.41562475752524 0.475338221334164 1.18032800883713 1.29960413519596 1.88143889792193 0.76625560269715 -0.191347444289345 -1.1222830646509 -0.411959791822942 -1.14992021588038 -1.21198259057115 -0.42311162477519 -0.0289185730283445 0.352183196557167
GS1_SS_15356_04122 -1.13949727978576 0.605275198170965 1.22156456848144 1.78166390853568 1.48990798220518 -0.408414559201788 -0.688536267729233 -0.980292194059735 -0.88664214363266 -0.0148322126569254 -0.850983085970043 -1.28717620545922 0.511264955242248 0.646697335859863
GS1_SS_15411_05575 0.19059323823858 0.0414317262410085 1.09756674697724 1.40789420772561 2.13837695483701 0.732325373421543 -0.247185582932376 -1.26756270695686 -1.34035556812006 -0.908706672099689 -0.529417553407233 -1.02619690415257 -0.121905237667292 -0.166858022104916
GS1_SS_15498_07041 0.129179326698545 -0.123570895220064 0.495326471031215 2.11192208169806 2.03891977113106 0.629407381439258 0.309495033799016 -0.752201902880276 -0.720567568301246 -0.603763871394059 -1.10017958324961 -0.874683557276008 -0.727056662573868 -0.812226024902026
GS1_SS_15504_21221 -0.137427751766574 0.622837364720933 0.372406137880645 1.0162989135437 1.70838111668472 0.944527425810556 -0.471677823209497 -1.72255232370142 -0.983049673308141 -1.77894420692032 -0.508845200785589 -0.375555294995467 0.539531173602107 0.774070142444342
GS1_SS_15517_09464 0.261738593370835 0.345127463548824 1.51286578667621 1.47021539452169 1.90015095681502 0.0402016713635859 -0.672599135448851 -0.938306176227628 -0.136282709965491 -0.702503433396278 -0.580435069643667 -1.69816948472782 -0.826861191762242 0.0248573348758079
GS1_SS_15741_17468 -0.372652019596112 0.261550796362489 0.670668822798253 1.85548650610336 1.7113693533239 1.06720935226417 0.17411972367628 -1.17097370226539 -0.913309701841496 -1.31945804149271 -1.1578721429218 -0.542098853773179 -0.437286379024478 0.173246286386708
GS1_SS_15758_12965 -0.11357954473933 0.0947518200391748 0.440439209419177 1.49164808079719 1.65004279226547 1.54605847786645 0.621081727689105 -0.90966410985928 -1.51180583742571 -1.4029850432872 -0.687186041842769 -0.343795980339024 -0.383696938189811 -0.49130861239345
GS1_SS_15769_16971 0.129747921566643 0.362751629273626 1.17432988871704 1.62117694050165 1.49458168080769 1.15243233028349 0.199888538424105 -0.876513318325042 -0.98942260399803 -1.19471221431255 -1.19471221431255 -1.10233188967102 -0.637008772958099 -0.140207915996954
GS1_SS_15822_01763 -0.297404199880825 -0.351874411332524 1.05827839391872 1.5532948425845 1.63426407582351 0.58092795977782 -0.415729693000563 -1.54561853865405 -1.75908288082963 -0.638395084407846 -0.476456617929822 -0.502587597747867 0.457265858103693 0.703117893574875
GS1_SS_15900_08023 -0.208930650931779 0.231960411439935 1.15289269882566 1.66124250298103 1.43236462907221 1.20318560006615 0.564345292273037 -0.928691333355548 -0.856414110015923 -1.22984643060399 -1.14853455434691 -1.08228043295225 -0.60043227735475 -0.190861345096873
GS1_SS_15904_05745 -0.0625289009361094 0.47729856597342 0.801582250518594 1.4827393232299 1.50209954320275 1.18588261697959 0.410183136734219 -0.7372325669898 -0.872754106799724 -1.03408927324011 -1.45678740931392 -1.54390839919173 -0.395847354801945 0.243362574634861
GS1_SS_16147_03429 0.507458607743482 0.418629826817153 0.908693694470036 0.773192164243433 1.98066135581828 1.07280110330003 -0.0797899685330387 -1.40311296845163 -1.39483231938223 -1.43924670984539 -0.998113950329894 -0.243069312456096 -0.143927359506965 0.0406558361128314
GS1_SS_16265_08922 -0.462023457815001 0.764365455467727 1.41440204818713 1.4790019580226 1.76970155228221 0.699765545632258 -0.00679596819318225 -0.240970641346757 -0.438605990499644 -0.908772209270916 -1.12013503926384 -1.02929141605771 -0.67938196693953 -1.24125987020534
GS1_SS_16301_05433 0.0934002611717893 0.139933049142215 1.07899056193428 1.70750634389593 1.76405660705443 0.779274167194209 0.249882917940391 -1.18463568621039 -1.0077141486145 -1.32035631779079 -1.04568361102092 -0.754853686205761 -0.532691938083069 0.0328914795921907
GS1_SS_16371_09107 -0.0389911011276495 -0.368996558631248 0.519897751860931 1.62282482950228 2.38066617241242 1.02726870345774 0.0835648574581219 -1.08550110101902 -0.643044236168451 -0.855852209228066 -0.793081512138539 -0.444015196616292 -0.916326417399684 -0.488413982362543
GS1_SS_16483_06346 0.204302369494723 0.523842981772118 1.08440297471058 1.11097794858033 1.86445661947561 0.519762941666233 -0.213081043636066 -1.20417124560206 -1.93420141014168 -1.45585188048617 -0.217770744907199 -0.0542564939203803 -0.331886809171422 0.103473792165375
GS1_SS_16503_06501 -0.134326464625301 -0.703476239333353 0.696114797562358 3.01611875295059 1.18889885334073 -0.349166132108532 -0.843368271500652 -0.283800142831456 -0.296256282681969 -0.481373684152669 -0.809449244523102 -0.622990412606962 -0.457227936134751 0.0803024066450761
GS1_SS_16506_13358 -0.351611597400055 -0.836170659847389 0.307518605400793 2.05552197139134 2.39358643356389 0.298350755579164 -0.626074101435065 -1.0214376249928 0.101432981285431 0.0166303704353652 -0.893469721232569 -0.50001616638767 -0.249428271263152 -0.69483297509728
GS1_SS_16623_18452 -0.210945853748717 0.0947824633095829 0.622007826399916 1.52593415157994 1.4284442545588 0.8700221244217 0.388032073549176 -1.01972203943611 -1.96342424260076 -1.40812178916833 -0.965127697104267 -0.26164060019971 0.469923587046935 0.429835741391842
GS1_SS_16637_14799 0.185426384796401 0.481492482291183 0.710696194964652 2.16458010020701 1.40373227292999 -0.223749710550258 -0.0786325670232689 -1.27754429485372 -1.92446838328712 -0.927635668405465 -0.200693715784288 0.286194644273553 -0.203406185756755 -0.395991553801917
GS1_SS_16643_02307 -0.336661755506745 -0.524585657000879 0.98855239867295 1.98463228135533 1.67915193547302 -0.108561839651436 0.261342765946125 -1.27818308614244 -1.36733104700303 -1.48500635533902 -0.0662462742296073 0.267048235441203 -0.0826970446070824 0.068545442591612
GS1_SS_16736_12473 0.483939151793471 1.09620417337064 0.493880417664352 1.31452216896644 2.01820785119935 0.0523712569281927 -0.24294281747149 -0.88854031873337 -0.814468141656222 -1.02791296770748 -1.65596705860898 -1.04136291565043 -0.116123453244141 0.328192653149678
GS1_SS_16783_14137 0.458454116229349 -0.842532661195419 0.450874214454099 2.32724444481832 1.73463394238966 0.0642992239163371 -0.438730621168452 -1.0120468281692 -0.956920269803741 -1.49853870574435 -0.0419296540538972 -0.148213658582497 -0.191625823295294 0.095032280205079
GS1_SS_16905_12724 -0.5826026183151 -0.158098055584458 0.821998495411864 1.71240364998948 1.60175388662822 1.1643618808708 0.463350068309996 -0.768754573146384 -1.84531168255528 -0.965320623352845 -0.711477048582912 -0.539644474892496 -0.367942077394269 0.175283172613388
GS1_SS_16923_18863 -0.231494163528601 0.214132101263956 0.72870836608763 1.75383657666701 2.22736478699746 0.373495136355333 0.329227626607729 -0.639291829082295 -0.216738326946066 -0.628560311567724 -1.05782101215056 -1.41464396951004 -0.918311284461138 -0.519903696732694
GS1_SS_17082_11718 -0.478445402598631 -0.0386000019723642 1.61828075495903 0.955268956374895 1.434038728738 0.743779869938076 0.126309586286039 -0.61078826650388 -1.64747403376166 -1.50734629550904 -1.16169787448592 -0.0502773134934155 -0.287715981088126 0.904667273117005
GS1_SS_17194_20403 -0.0725285810160697 -0.46893800752402 0.250606043007797 0.610595716201876 2.05867993162989 1.45797164987919 0.477104986923943 -1.59490328925963 -1.44254973954025 -1.20748997711606 -0.522624496472754 -0.13666217051699 -0.0198577823987982 0.610595716201876
GS1_SS_17207_11830 -0.306165271181613 0.49983306831938 1.41924929312823 1.22073897186269 2.02290641042697 0.89337107363529 -0.929209068978219 -1.30080645983846 -1.24183380299466 -0.715607319780202 -0.528705789231938 -0.423297969519004 -0.363860961046512 -0.246612174801949
GS1_SS_17252_08881 0.189077116658873 0.414092386399117 1.10713941719907 2.07149057322868 0.900125369038043 -0.035809572927233 -0.517213670017217 -1.47217847479481 -1.36802854994361 -1.27930824358889 -0.725127779257202 -0.374361118770697 0.18354817003097 0.906554376744907
GS1_SS_17551_15069 -0.736582449428807 -0.521211543673708 0.297866113416391 2.34877282931817 1.21023689555315 0.578259500264617 -0.630953043384242 -1.51402515815097 -0.462100197225411 -0.573383732060683 -0.308924708168084 -1.16449719654365 0.797485493831562 0.679057196251669
GS1_SS_17615_04944 0.645935399111829 -0.789003723935698 0.802730786805968 2.43601607528658 1.01701781665462 0.257082837630365 0.56753770526476 -1.07306470130825 -1.27290042292443 -1.25390204844882 -0.163651452682241 -0.123929954466392 -0.62959507977999 -0.420273237208315
GS1_SS_17664_11867 -0.253260351816004 -0.308029106605111 0.746901370255848 2.03438840591363 1.92232310765284 0.724151272112681 -0.183324864931452 -1.50620094214527 -1.08995840574806 -0.966096760301924 -0.425149982231048 -0.510252201211046 -0.238936215948084 0.053444675002997
GS1_SS_17760_15090 -0.060263215050835 0.437536774313541 0.257677674311625 1.49946934467234 1.27724960721824 1.94251994622146 0.562952038639201 -0.361343181833965 -0.733839016741408 -0.814393671568521 -1.31716582755843 -1.23105567929497 -0.975502981222746 -0.48384181210554
GS1_SS_17779_16788 -0.373470975944406 -0.0387139127487112 1.16982855264147 1.96213074371596 1.56222466149116 -0.0251959606735066 -0.171865740689478 -1.73409040218063 -1.1920580738318 -0.963003885890833 -0.405012864119883 -0.043783144776913 -0.428669280251491 0.681680283259073
GS1_SS_17780_12906 0.197862333890865 -0.0526474925049405 0.887550475181411 1.0070405178974 2.07616195272469 1.19088747835692 0.761771482848788 -0.980267560958029 -0.375060976184229 -0.997038093269046 -0.707746410904015 -1.39743455219456 -0.810465921308989 -0.800613233576267
GS1_SS_17817_08022 0.149276618951166 1.28425792377077 1.29788110522396 0.744439358687775 1.99096046165544 0.373207664088116 -0.478070886968625 -1.05211769545278 -0.705484357864549 -0.905668494830892 -0.942280794986363 -1.45911024136708 -0.517407823414735 0.220117162507798
GS1_SS_17829_12391 0.382515905295081 0.178118093305343 0.850117396297128 2.30793380942115 0.784672157191365 -0.0566311339218502 -0.539408332542624 -1.62352294555548 -1.20808794949281 -1.26689381651538 -0.340227170046823 -0.495778173138782 0.143877902990589 0.883314256713094
GS1_SS_18047_06054 -0.0755197470935348 -0.295429036799207 -0.145377159182672 2.05443999002578 2.51532772294186 0.423753349863984 -0.0770999336063899 -0.776069101125976 -0.269092594918288 -0.450814043896628 -0.687183609777875 -0.408017325840135 -0.90972654367164 -0.899191966919272
GS1_SS_18149_17266 0.0717615517635769 -0.130988327074296 0.0232021045728987 2.14036157507666 1.744752055393 0.932544633926081 0.00990703055074308 -1.58469117686268 -1.21259123929137 -1.06748037039101 -0.475687441356039 -0.359760881284804 -0.0690527383369373 -0.0222767766858166
GS1_SS_18187_00760 0.545327111646189 -0.242349807584281 1.15547305263966 1.68339411950231 1.74786589580943 1.11809810985292 -0.273931634239073 -0.770270874446933 -0.416143291542605 -1.1290703251996 -0.65440855180805 -0.822595794348364 -0.791761466549306 -1.14962654373231
GS1_SS_18227_15078 -0.202730410030883 -0.0762071838248275 1.12580078761831 1.78790168227773 1.80283067652033 0.892908477433711 -0.152867569260591 -0.727633847600786 -1.75773445034036 -0.845572902117345 -0.859008996935687 -0.408153370809093 -0.366352186929806 -0.213180706000705
GS1_SS_18306_11673 0.0152435199406025 0.311443455801362 1.22644569402703 2.17205583959612 0.774543582355067 0.0366690550809969 0.221859336747449 -1.05230056545187 -1.80348828819645 -1.25453671421608 -0.749132975886917 -0.262641440469135 -0.265378732995782 0.629218233667607
GS1_SS_18334_11566 -0.156015244613223 -0.146038162912729 0.846297732374891 1.64062692929886 2.0895956058211 1.09534104097569 -0.102676230906735 -1.13760659037723 -0.99562504310097 -1.06469714718132 -0.838294139362407 -0.769222035282062 -0.504445636307407 0.0427589215735468
GS1_SS_18463_21827 -0.542375288536623 -0.0647708046756422 0.675516145308878 1.63751673642519 1.78649428184972 1.49730257602564 0.252901902479597 -0.588383059917727 -0.399970281880826 -0.702307065242365 -1.21058339669075 -1.37051517339649 -0.840330379385676 -0.130496192362933
GS1_SS_18471_10852 0.297209223710742 0.414266283523655 0.093582268351057 1.30396819294717 1.90006050919563 1.72714823425333 -0.796802189526179 -1.18392092086082 -0.284094542707129 -0.139508028594191 -0.418329071938653 -1.10770301019546 -0.536637470583386 -1.26923947757577
GS1_SS_18505_19852 -0.105473737689568 0.0609329378989319 1.41992078853835 1.98469496023265 1.32915351094462 0.880006765651662 -1.01818914015983 -0.995497320761395 -0.957677621764009 -1.22493682801221 -0.682854475716334 -0.604693764455069 -0.365169004138288 0.279782929430475
GS1_SS_18603_10387 -0.560889504597363 -0.787076100903386 1.49846641009979 1.76394600086432 1.78762254880727 0.129256680122573 -0.590560752976928 -1.14071305102995 -1.03356407767964 -0.112042606359799 -1.26262208511917 0.24864693251573 -0.202718747417892 0.262248353674444
GS1_SS_18647_01241 0.32473478339403 0.314250851460478 1.09019536781635 1.36865394210241 2.01905838180174 0.889798681621519 -0.717448182764848 -1.25032574218997 -0.748833201928984 -0.840984960325809 -0.843656025786586 -1.17954250747936 -0.616615461620496 0.190714073899517
GS1_SS_18706_06272 0.0922184456172121 0.0279605952430044 0.757527617518873 1.91591743718997 1.6252271616876 1.1061373840048 -0.132028338341758 -1.08715352927811 -1.17567199663034 -1.24561251404444 -1.16365097019979 -0.603034010302362 0.0493798787010736 -0.167217161165729
GS1_SS_18733_11908 -0.180583894061732 0.442306852852572 0.641443886715167 1.80410731423591 1.86224048561195 0.903661595900696 0.207300415374975 -1.03081244733594 -1.25097637297285 -1.29674078448164 -0.918256732544041 -0.644907139477994 -0.449233358378227 -0.0895498214388316
GS1_SS_18793_09983 0.66027993068676 -0.371782186496152 0.631664530025496 2.59658870876561 1.17821868265563 0.550587561485249 -0.386089886826784 -1.12637030193368 -0.500551489471839 -0.501505336160548 -1.08440104763049 -0.458200696493169 -1.13333338276125 -0.0551050858448336
GS1_SS_18984_14109 -1.08645767422123 0.189718772351463 0.632263830437154 1.62953397296049 2.18322988284445 1.13244266352935 -0.10256680089583 -0.551286906303647 -0.582234185133035 -1.35095553451895 -0.503018619735696 -0.667171961048877 -0.657291885333475 -0.266205554932167
GS1_SS_18996_17634 0.0440138843327442 0.535311122889908 0.777341271627951 1.8357239352514 2.08174798083331 0.374596713892897 -0.332003515723184 -1.35220452551932 -0.466358205550705 -1.32344846824351 -0.669248165218899 -0.75871145452141 -0.536650790002678 -0.210109784048513
GS1_SS_18998_08245 0.0528650792438881 0.513893535232347 0.806790430275271 2.36482704808569 1.45378655663874 0.428122832534703 -0.479332950644553 -1.52239562463323 -0.294851622721995 -0.974197555403642 -0.919989771843459 -0.422502209815329 -0.700535680333687 -0.306480066614744
GS1_SS_19100_20444 -0.0898680039167283 -0.0394339692746282 0.45950875470976 1.18397089112387 1.97084303696132 1.54746702708951 0.0723980205839416 -1.49628600005663 -1.25254961190334 -1.16315149029694 -0.909294560074997 -0.0886872740087193 -0.296158386416021 0.101241565479591
GS1_SS_19105_00261 0.279349681839941 0.799268211032217 -0.0399298962502018 1.97293904637688 1.2758415770688 0.46926405649118 -0.173763673210311 -1.36061680044253 -0.945039462970403 -1.5795769029816 -1.24890246241239 0.0644112954699498 -0.299330589156189 0.78608591914466
GS1_SS_19166_15507 -0.128986470085147 0.0988896270652795 0.634090009462057 2.31240961587431 1.53662142623175 1.07114851244622 -0.863648538830985 -0.62249992084571 -0.257972940170294 -0.723445853955826 -0.803828726617584 -1.20574308992638 -0.938423304097737 -0.108610346549957
GS1_SS_19179_08944 -0.375170520345914 -0.234624989023668 0.542060623491312 1.98563859439612 1.57391389142679 0.0441787141598835 -0.776983332317833 -0.649907806710015 -1.32772866030211 -1.18479410909844 -1.08399780218632 -0.298162751827577 0.755547506512445 1.03003064182533
GS1_SS_19202_14899 0.278165789142142 0.6520514854712 1.31901532440658 1.22855910755278 0.947541793860294 1.52163725015911 -0.552825323021474 -0.171341304476697 -0.475636017972895 -1.44170841397153 -1.63950600815851 -1.18481275810672 -0.547036125142831 0.0658952002585476
GS1_SS_19203_17176 0.0843257486814139 0.853240012732564 0.899998312573512 2.20663302479557 0.990051334489412 0.839385701668579 -0.226530355816742 -1.33660702981852 0.0150541933614905 -0.90712338683499 -0.830491728762325 -1.22404075242364 -0.435124326773862 -0.928770747872466
GS1_SS_19244_16957 0.38056208935577 0.312911429180669 1.41422178477272 2.14371845976793 0.624139792701629 0.494844013985771 -0.13273508680309 -0.601697235014298 -0.353880325808902 -0.576438633434561 -0.735479506598166 -2.01070328257769 -1.04805028530798 0.0885867857802039
GS1_SS_19265_11162 0.256550122466977 0.518384255107925 0.542854734793995 2.26896472495754 1.35602759820801 0.27179711365599 0.778147808698512 -0.351258946043173 -0.54325809434926 -0.927256390961433 -1.26306666603796 -0.906550600457835 -1.05638522992023 -0.944950430119052
GS1_SS_19267_20380 -0.447993107136309 -0.125167362436153 0.712909759962436 1.29409377840901 1.68578250344611 2.00372434883159 0.0399084343999328 -0.489506251311064 -0.287312819683432 -0.431387849466406 -0.718072739237952 -1.42477297007173 -1.05848052147095 -0.753725204235094
GS1_SS_19268_18706 0.439974561174675 0.194321300276626 -0.248380030860501 1.05870550172538 2.4840198764547 0.900410218633318 -0.0221688462260401 -1.05759077264231 -1.466137104938 -1.15874211536504 -0.513081271881661 0.265258605562693 -0.809756846433615 -0.0668330754802309
GS1_SS_19332_13163 -0.0948403447517149 -0.291926509722699 1.0033137147132 1.71591123286876 0.498931088512415 0.903729557767937 0.600525596138623 -0.771897734797754 -1.52577924015124 -2.07862567741047 -0.954983243240745 0.48026354647509 0.323025403929934 0.192352609668662
GS1_SS_19335_03711 0.109182608958888 -0.585259942798679 0.837290357701321 0.939068860213704 2.14736236439917 0.615465416328178 0.216389298271932 -1.47751814815724 -1.27135143793985 -1.65758780644838 0.0058382833309301 0.57110042805355 -0.385356525043588 -0.0646237568699505
GS1_SS_19403_14533 -0.0986454113153153 0.0226204752888565 1.38517145739409 2.40075527640412 1.32763129767681 0.416339018154359 -0.3021937263152 -0.930819971226506 -0.914277175307788 -0.948801271138157 -0.760357248064058 -0.91211941931839 -0.47049869348825 -0.214804608744578
GS1_SS_19516_18083 -0.252675899126884 0.0362299515377794 0.825818792268353 1.7261984512968 1.7327347827598 1.30297098906746 -0.5517130635592 -1.21515070705385 -1.12691023230333 -1.05501058621031 -0.963501945728291 -0.427522765762173 -0.401377439910167 0.369909672724003
GS1_SS_19555_09475 0.244206774273685 -1.67829030460574 1.01049739447942 1.88733631389213 1.55158470234486 1.15034765251233 -0.0689024145444469 -0.622476352591392 -0.809775805314043 -0.895517332560412 -0.437119264563643 -0.12273366466029 -0.497887531446992 -0.711270167215464
GS1_SS_19597_21465 -0.318307918472865 -0.431011510886093 0.736965402950791 1.73036375691523 1.90725973129926 1.2552937820411 0.332653817830272 -0.653483303997881 -1.25137624798581 -1.24905883347423 -0.862050610040182 -0.615632200308723 -0.350674474484615 -0.230941391386257
GS1_SS_19879_08480 -0.7787127592981 0.844851161843183 0.575001587604892 2.31506608355526 1.60787409589629 0.537780956675472 -0.56004155258776 -1.14645259288077 -0.441679946232205 -0.962210469780138 -0.478342267697684 -0.786529091793278 -0.720276368738911 -0.00632883656624876
GS1_SS_20020_13566 0.405582227079606 1.44223664795684 0.0918434288035323 1.81932654973097 1.66849058902132 0.235548962279636 -0.388363420655738 -1.1507706402427 -0.0690025547532137 -0.773680738468574 -0.923145463171773 -1.14254322420399 -1.16585423631367 -0.0496681270622493
GS1_SS_20052_11289 -0.440389624529696 0.270610687902435 0.432737328708155 1.37141894948388 1.84790190263851 1.57241925306302 0.331624993252857 -0.428401027742615 -0.685518167346399 -0.67633541236055 -1.17730571214411 -1.45380866782914 -1.02630040793237 0.0613459048360219
GS1_SS_20500_10844 -0.544895533050995 -0.284500739994777 0.103842915164831 2.23342261547975 1.8446437601089 0.807416589996394 0.164770944737873 -0.946440261284761 -0.452183381384015 -1.0842536615095 -0.149980354701723 0.362061707164868 -1.06394431831849 -0.989960282408363
GS1_SS_20516_12022 0.0180485485478924 -0.00815527008460318 0.615495613368792 0.99470230300762 1.62995773471255 0.173774099278152 0.381532947007224 -1.37711762349941 -1.79750174241787 -1.59161459601969 -0.891972638532061 0.55560117078023 0.338483816396695 0.958765637454483
GS1_SS_20536_03632 -0.186933636617312 -1.1039229663142 0.0746454983963939 2.75423217915524 1.15020918142969 0.223897324908407 -0.45564176273202 -0.381609932067764 -0.848650246505232 -1.53595810649932 -0.18419171696308 0.217042525772828 -0.20064323488847 0.477524892924841
GS1_SS_20592_09548 -0.88097603831197 0.517296148527379 0.137527894527902 0.859087577126909 1.58409969839864 1.41493020343524 0.6937157647035 -0.916846876121557 0.15720679496242 -1.83029310015048 -0.914775412917923 -0.140048174758989 -1.31594878668828 0.635024307267217
GS1_SS_20641_16961 0.260593632234893 -0.126924788580239 0.985983638678925 1.30883437436936 1.24543468307063 0.483175317686726 -0.166915363091743 -1.4105246924129 -2.01428482954999 -1.46319520518414 -0.647777637095922 0.533407380792639 0.422214076053336 0.589979413028425
GS1_SS_20706_13451 -0.120031699980854 0.199301550452492 0.263807266456226 1.2399804547728 1.71029302811271 1.63939665293833 0.358369051371917 -1.40914747956012 -0.680212917908017 -1.43411099194547 -1.09261014251393 -0.854957504605439 -0.185336248380919 0.365258980790272
GS1_SS_20748_08884 0.333514260554369 -0.308947144198141 1.92579807991694 1.17503809161163 1.41218827457396 0.443825027477758 0.436997976756115 -1.09118342951481 -1.05740749436563 -1.55757878934074 -0.956798325836158 -0.646706495689952 -0.405963128137278 0.297223096191951
GS1_SS_20913_17199 0.31516555993141 0.469785643663859 0.872152451783546 1.41990133018395 1.72223631587685 1.24260612252454 -1.05663278101653 -1.37669728747537 -0.634856813321495 -0.171089875391337 -0.942790595045745 -1.26938703020783 -0.66565019149392 0.0752571499880629
GS1_SS_21057_15389 0.353649282872972 0.900099100258218 1.1245876434131 1.7300264416187 1.51719964096537 0.512346162081598 -0.775304572464819 -1.33506821253934 -0.527492544306829 -0.89678105685599 -1.20776085689739 -1.00465217499535 -0.536238851182993 0.145389998032748
GS1_SS_21134_14242 -0.217426838179413 -1.20554907635099 0.224899622212913 1.79350226809759 2.01369121093606 1.01991810608987 -0.277530625275454 -0.513610194917887 -0.759910038942512 -0.627212100824814 -1.49958900090254 -0.597788622622505 0.252179668228299 0.394425622451382
GS1_SS_21222_07213 -0.399497314934298 0.302836427373967 1.56201936685273 1.65511685235304 1.44683095258963 0.347491661944455 -0.965596299562468 -0.767469071182979 -1.0241972218762 -1.84156158609926 -0.470503871671822 -0.251645884571943 0.0881914959738475 0.317984492811306
GS1_SS_21227_10963 0.256525945139908 0.865158286006456 0.512735296446075 2.44025121787601 0.721378354682742 -0.0677896894248595 -0.543776935754417 -1.38559221787303 -1.00160250654835 -1.34775539384048 -1.11857234541471 0.292200664942033 0.178690192844364 0.19814913091825
GS1_SS_21244_17650 0.363606642468167 0.221808300354885 1.30243014498445 1.94730890869372 1.264937193606 -0.0473161046395986 -1.11961451406315 -1.39706235426365 -1.26958631957693 -1.0483779064441 -0.684696278073177 -0.21903382195288 0.169768083841603 0.515828025064657
GS1_SS_21297_16282 -0.279750152883488 -0.450982928085398 1.75071248711128 2.11062266340698 0.61772994234368 0.558050959029342 -0.107599239476742 -0.725506251331355 -1.70515971589134 -1.07531690737386 -0.34998772555344 -0.76314991772963 -0.024966801041504 0.445303587475484
GS1_SS_21373_09469 -0.356423465935339 -0.278854358891408 0.991604670234032 1.54169754328341 1.88588133543726 1.14040028343591 -0.637632145026976 -1.58451331994804 -0.936726357422677 -0.822499422035374 -0.769894912317537 -0.604566453204335 0.0492324532887813 0.382294149102286
GS1_SS_21398_12990 -0.556784638122366 -0.389842771540884 1.46659442977764 1.80484265618456 1.22436505473784 0.988682419563982 0.26635878768855 -0.752750384776184 -1.13900803686667 -1.65401823965399 -0.477787310406684 0.342737419457855 -0.614832398267038 -0.508556987776605
GS1_SS_21425_09655 -0.308165335342212 0.0955266051537831 1.52120119239563 0.627626003846762 2.27229687253415 0.548470721396567 0.0413492118323162 -0.415816519474478 -0.281252539309146 -0.780106719373043 -1.38080736285619 -1.66963619348557 -0.39083863034575 0.120152693027177
GS1_SS_21454_10435 0.237831955049229 0.764987246316078 1.28232129321838 1.43700589195994 1.22339382703113 1.16446636084387 0.0156263013014426 -0.95937773298857 0.0195547990472598 -1.47253775103594 -0.585433853808593 -1.15089199809716 -0.781858741099454 -1.1950875977376
GS1_SS_21644_19553 0.516001831666477 -1.13188164693579 0.888622657237359 1.97918102173145 1.83141759090162 0.750014134621984 0.113988932354442 -0.52653341780792 -0.523160556886804 -1.15436738640989 -0.622740260272126 -0.834748661027973 -0.539382411793123 -0.746411827379704
GS1_SS_21721_04822 0.270762750071097 0.107470127035182 0.787814641555796 1.2536245979639 1.89658930116781 1.25007475833268 0.0839524394783792 -1.56006703972832 -1.31157826554323 -1.20064577706774 -0.823475316251093 -0.468491353129539 -0.247957566040274 -0.0380732978446549
GS1_SS_21723_18934 -0.693540223255125 -0.307755554042795 0.548508813960974 1.84778687232148 1.7077256360405 1.34356642170996 0.143381688018241 -0.662110481833673 -1.67895505723358 -1.11310766265843 -0.327364127122132 0.0342739849553577 -0.359578211466757 -0.482832099394019
GS1_SS_21726_13567 0.339222475618 0.168082961754454 1.80534961600226 1.23260088265589 0.718771277381029 0.680405333520507 0.480765404217715 -0.503869140716988 -1.78460655951808 -1.42584387805377 -1.48041943319537 -0.272714328957338 -0.232567109131862 0.274822498423551
GS1_SS_21801_16794 0.0149753539722689 0.537950033090231 1.57500568042455 1.21599349724036 1.32124934185573 0.981819641390678 0.0230939249329113 0.0149345571332707 -0.275783717567923 -0.898098699646509 -1.60306807753545 -1.61693900279484 -0.91033775134597 -0.380794781149297
GS1_SS_22027_04401 -0.0335229333249894 0.718226505500935 1.5252817613522 1.88476957201691 1.43720212683036 0.0914272458804094 -0.849795825347144 -1.14885691000269 -0.721977937110801 -0.485084687518927 -0.41652595804344 -1.44074872208087 0.123176881580142 -0.683571119732093
GS1_SS_22125_13327 0.0380600661146683 -0.56811068192745 1.66293443239424 2.20427858654852 1.32701480952089 0.134037101221337 -0.471291743004056 -0.749961906340085 -0.432816738579716 -0.877089382665585 -1.35529075056548 -0.198514906385103 -0.804348892900531 0.0911000065683537
GS1_SS_22164_14181 -0.00160843202428368 0.49153682662109 0.991437499768455 1.33934134662101 1.94507684696624 1.07475427862635 -0.0545258456232165 -1.50468815871738 -1.35043952758857 -0.952995974388076 -0.62648427345849 -0.440710374653726 -0.601714420284522 -0.308979791864893
GS1_SS_22185_09919 -0.183607203261303 0.227307996327868 1.38265580496544 1.64669042078733 1.99108339794632 0.516839776423634 -0.507155342329088 -1.11087018930674 -1.02326144950313 -0.735663103665103 -0.734454707254019 -1.14470528881709 -0.359549720715157 0.0346896084010518
GS1_SS_22203_13884 -0.0689376930638856 0.021800808917639 -0.0464405438122679 1.74208282169134 2.08103987041571 1.11591216752131 0.00080346961612922 -0.863087061645989 0.281267930286296 -0.429641986064822 -1.17879705614369 -1.49975638546677 -0.39664616716245 -0.759600175088548
GS1_SS_22311_08179 -0.851503235836039 0.147151392971057 0.402347436730343 1.58729831642445 1.56375624596695 1.2498619732003 -0.383957716550114 -1.52182445532922 -1.90477546810453 -0.197190624253958 -0.500255544610158 -0.154689339721353 0.302686005126932 0.261095013985351
GS1_SS_22349_08743 -0.425243910405494 -0.0329852320802812 1.06631555580172 1.87916181166644 1.23800585407017 1.11138425909719 0.50081063587999 -0.800279905685652 -0.473531806793497 -1.8926594284187 -0.747699751840938 -1.00738132797198 -0.31740094180562 -0.0984958115133389
GS1_SS_22406_10226 0.0162550196848681 -0.510188936967121 0.52188754317524 2.30455447682874 1.95867102843802 0.820527519206379 -0.764927422606235 -0.404110222626209 -0.79671130705295 -0.7803519547642 -0.540103181152265 -1.0163940377876 -0.371134442512742 -0.437974081863923
GS1_SS_22546_01394 0.0275312785925093 0.128464075098016 1.43996351789007 1.96406176558326 1.40360263467691 0.082436212244387 -0.368676966075071 -1.54037508203031 -1.23318831005702 -1.19996198574155 -0.63009917814213 -0.358019465822937 0.000950219140127286 0.283311284643732
GS1_SS_22623_09857 -0.0229646601014954 0.0782038117780215 1.38888325001329 1.42883513062813 1.51776028425471 0.972610429413496 -0.0511028125775394 -1.21872874280483 -0.87935255263575 -0.724700111546043 -0.939924758729219 -1.73423687977052 -0.106090347187213 0.290807959264955
GS1_SS_22649_16099 -0.517574665250657 0.731827441649355 0.658791465018411 2.06789890748475 1.055133364869 -0.279964287944653 -0.918785630209975 -1.69004554343274 -0.783815145395991 -0.910995126036008 -0.673384748730004 -0.427983867250033 0.635712096403033 1.05318573882551
GS1_SS_22943_15534 -0.365877108026834 0.257216586702851 1.09987943413369 1.34221000034095 2.08588032092842 0.625029255816627 -0.146406064866654 -1.27535255286138 -1.21746792368636 -1.3057665105635 -0.806388947002788 -0.578774811941716 -0.161926994248835 0.447745315275524
GS1_SS_22949_13586 -0.462239200228804 0.465160575852819 0.743945750160333 2.42553916216728 1.44646016478028 -0.655026920332842 -0.493529353753543 -0.953797418504544 -0.310229615686039 -0.873048635214895 -1.01234028638954 -0.238766942474699 -0.911404307277478 0.82927702690167
GS1_SS_23111_13514 -0.315302354397808 -0.133365910850386 0.497726127704731 1.54954619196326 1.89494115901032 1.40740834544184 -0.0954151058291666 -1.54905886220376 -1.06721156249613 -0.994721260770209 -0.866797198900929 -0.35652232988902 -0.336623031376021 0.365395792593286
GS1_SS_23169_09711 -0.138809727094862 0.466209148386862 1.03512683637809 1.79047475925613 1.22211247414937 0.485092846458814 0.0968477167853974 -0.837876824346695 -0.775486566991327 -1.89925173656723 -0.20064458156576 -0.314872441471581 0.600061243543927 -1.52898314692114
GS1_SS_23305_07302 -0.118409151818294 -1.02288293072927 0.95791739619733 1.60351157682526 1.9180553324437 0.851724489781543 0.428786938495179 -0.571333819165075 -1.03755552574354 -1.55989990825159 -0.250737618103252 -0.73126510482063 -0.633508940538049 0.165597265426691
GS1_SS_23349_01857 0.754334233389797 1.27166966464076 0.66626772285178 0.698573528225022 1.58145136000062 1.31813691894474 -0.359109688789356 -0.42770420704761 -0.751426078698664 -1.13644047150306 -1.43892016975801 -1.03399123939476 -1.15569119114328 0.0128496182820187
GS1_SS_23411_10072 0.32337288211188 0.0982406611763531 0.800926078035726 1.62360175168605 2.03293306247792 -0.0632178003026615 -0.523381103937964 -1.17349553872505 -1.41427866272027 -1.2791725764785 -0.766304522368694 -0.203369630676144 -0.179195005027024 0.723340404748379
GS1_SS_23588_10542 0.681347522430526 -0.420833895693028 1.6201086161022 2.00911382249874 0.927908175308338 0.309656861495157 0.306262600380521 -0.29549412992614 -1.07718483707387 -1.45188838147055 -0.689895830117307 -0.544209566545266 -0.151829167916748 -1.22306178947258
GS1_SS_23741_13663 -0.0385749389770814 -0.131439722540246 0.660238682981089 2.69223775973393 0.588691145249046 0.137721134304442 0.324063265966149 -0.488197307943856 -0.248427297506561 -2.16172361859403 -0.83576642531681 -0.385286466000507 -0.0650377269053711 -0.04849848445019
GS1_SS_23766_11827 -0.0862378841964789 0.96365063273508 1.60973587392373 1.73812460774968 1.38609098274304 -0.250451216331928 -0.321686255745036 -0.971913068992589 -0.157058766403696 -0.786163562150851 -1.59377011363667 -0.905440837447218 -0.645350112148196 0.0204697199011212
GS1_SS_23786_10446 -0.0157590002254183 1.29445997803055 0.889491812960222 1.58185674033853 1.54266627275108 0.432269691106624 -0.408692425874102 -1.21960851770445 -0.465355310260958 -0.610360040334528 -0.874895696549824 -1.40478347705516 0.40614271271499 -1.14743273989756
GS1_SS_23898_02599 0.359928227841753 -0.173913301040052 0.21767704200199 0.642565883602029 2.00194378873369 2.13780166285032 0.158538908562988 -0.485587247542902 -0.448559317146409 -1.03754315964026 -0.659804991998341 -0.79513009013804 -1.38118366475878 -0.536733741327985
GS1_SS_23906_16363 -0.455749542612829 1.27830678279621 1.96859458925712 1.71515558785119 0.55800646301092 0.382933468618661 -0.69868416435523 -0.287345995625989 -1.13703359507642 -1.0580006433222 -0.880926814708315 -0.65549949240514 -0.82757123546496 0.0978145920369813
GS1_SS_24009_11189 0.35172069774863 0.874902340178795 0.914839870135296 1.71758422226097 1.831406182637 -0.00452206946336039 -0.0436608488207315 -1.31766805443312 -0.711608049837222 -1.15991481110494 -0.370948906814259 -0.812458300483379 -1.25776175949837 -0.0119105125053131
GS1_SS_24034_09169 -0.225146043512052 0.866983312630429 1.87627615597146 0.960994772554989 1.36896903260497 0.88472132393695 0.0340063016762154 -0.646069051815789 -0.281730299579854 -1.01537444721755 -0.527224376062101 -1.27931605545858 -1.56489803749356 -0.452192588235518
GS1_SS_24110_17333 -0.225326592243116 0.0764284927325356 0.560365644317636 1.3404128027581 1.84846983358445 1.70477693597699 0.299152484024088 -0.566597224060816 -0.397244880452033 -1.02025622936435 -1.148553459371 -1.37948847338298 -0.748266101750239 -0.343873232769264
GS1_SS_24120_04934 0.198413013968441 1.50069235909985 0.724654706030092 1.3529321614849 1.73168745493891 0.196587687253 -0.319705974209498 -1.0400711624583 0.104408688123227 -1.28740293240056 -0.611028117993887 -1.46719761387151 -0.123757151306902 -0.960213118657758
GS1_SS_24124_13614 0.231880513283247 0.417010423881718 1.21862618656673 1.51435740712485 1.40494768816379 1.10704993851733 -0.00437948379999726 -0.527487932179175 -1.22196883144588 -1.36929280945285 -1.32812875677443 -1.15588969425157 -0.202616895382912 -0.0841077542508308
GS1_SS_24171_05556 -0.501756282827523 -0.512860093620833 -0.241186856211164 1.78933001085892 2.13830692150583 0.905255170553422 0.0381004228853464 -0.799444162667234 -1.48682292606266 -1.17591622384996 -0.568696399324339 -0.0852047522098946 -0.0173128805022232 0.518208051472306
GS1_SS_24181_15683 -0.563241654845741 0.997124302757462 -0.0436687842502489 1.09827133590446 1.89657511869005 1.41884483183941 0.406715562042736 -0.587622372933291 -0.141652913429132 -1.10488895938537 -1.42447404783028 -0.190282561938894 -1.38164305659539 -0.38005680002577
GS1_SS_24241_16877 0.395849097330021 0.533336284029541 0.87753497520736 1.56881670413711 1.69092070910802 1.06213315595077 0.128181735252075 -0.927104531331093 -0.870379048706815 -1.18092702985328 -1.36937100602885 -0.988637258245563 -0.594443226449737 -0.325910560399556
GS1_SS_24386_09752 0.23118408277274 0.952206934458006 0.718565543467309 1.62599559154732 1.90194999035523 0.719945315461349 -0.0478977992216585 -1.05996055684967 -0.911543082690812 -1.31176894576188 -0.779866842059638 -0.468498295404714 -0.839197037803339 -0.731114898270241
GS1_SS_24428_11750 -0.629418060888339 -0.10900327305626 0.0680657495001328 2.06777920729447 1.91651275135669 0.950734609600121 -0.0665323065814229 -1.32117119977302 -1.21644826873917 -1.11288892582792 0.231928046865035 -0.342011794606565 -0.215966111226107 -0.221580423917643
GS1_SS_24517_08410 0.101332204200694 -0.426159419807628 1.01462395469474 2.28326554047644 0.912640794150145 0.058441413985839 -1.32592574404505 -1.17837563942734 -1.36642969433227 -0.153625697160795 -0.854344037129617 -0.290181872414834 0.864903995597355 0.359834201212313
GS1_SS_24520_21449 -0.527271455751449 0.00151546686640307 1.13210022007805 1.83293264861941 1.18017175849786 0.84800827122116 0.277764164717958 -1.04774525518392 -1.25738053551089 -1.17424930365709 -1.25738053551089 -0.639317898684828 -0.252576950495422 0.883429404793647
GS1_SS_24532_19053 -0.809132871895465 -0.674017191480716 0.584602402970956 1.62635565322753 1.62919421794212 1.78247671253028 -0.125038775677934 -1.03337948434851 -1.2706834944887 -0.962415366483625 0.0770670320012695 0.0782024578871077 -0.33253785631487 -0.570693435869438
GS1_SS_24554_00835 0.0238139654805477 0.351878490037153 0.671794373283658 1.20376653073425 1.73123044956238 1.41283609685095 0.816001656219681 -0.903835025267032 -0.821559670407089 -1.32084709784483 -1.12361165811209 -1.15742344778056 -0.650246602753509 -0.233798060003523
GS1_SS_24555_08612 -0.111267807807763 0.260542665301624 1.10270040700287 2.48374720379091 1.29032876109515 0.086699251510005 -0.0434918513295331 -1.16798559252201 -0.751374063435493 -1.19989517655131 -0.537707488775309 -1.0684276903506 -0.139220603417429 -0.204648014511103
GS1_SS_24691_11729 -0.54964226327598 0.65643987014124 0.319473041780621 2.21559252871102 1.76759494878493 0.683561885790819 -0.235834488189 -0.373228081126709 -1.31874513562476 -0.649049293848768 -0.966764334315266 -0.932498573472271 -0.705109531553032 0.0882094261971564
GS1_SS_24784_01936 -0.514755072368159 0.708062956831558 1.33942894223438 1.94104089844006 1.52013024150484 0.54115011011587 -0.0979809511993772 -0.61635419645597 -0.680942211054649 -0.934214313244976 -1.34641647382981 -1.04307051762477 -0.641028269448724 -0.175051143900273
GS1_SS_24859_18199 -0.956030967983235 1.57097294858129 0.277973060652378 1.83220275644761 1.07919468612155 0.304271363457712 -0.57119913693185 -1.97316165948419 -1.01940987774409 -0.42857467471759 -0.60740313379386 0.0579439271810855 0.311284244205801 0.121936464007398
GS1_SS_24915_13530 0.329715890133187 0.164939015382289 -0.459057454809168 1.15898939854256 2.7058343516055 0.834498169474144 0.370542667821715 -1.23639930199874 -0.652249766831281 -0.62399763667082 -0.465589739239332 -0.692586623187546 -0.924482720458384 -0.510156249764129
GS1_SS_24939_12545 -0.309461107572243 -0.324756560469833 1.25370462213068 2.45591244166585 0.95961813646688 0.816269447474979 -1.26450327521158 -0.945293823435804 0.197801134659406 -0.179191139173933 -0.317810799250637 -1.02879074021975 -0.76278286373993 -0.550715473324076
GS1_SS_24956_01082 -0.561023313451112 0.0746689190719241 1.39921231645442 2.05816158187464 0.924104358697654 0.487758122436197 0.0454148941205373 -1.50791679569361 -1.11753088634802 -1.49462706260951 -0.226011291955958 0.535379665987574 -0.539981236067946 -0.0776092725167823
GS1_SS_24959_09198 0.865982390101733 -0.161489918684824 1.39722788337714 0.953142442959769 1.30167218537688 1.01224336600039 -0.630983232558909 -1.49043216948606 -0.271406588638875 -0.293500391644714 -0.624907436732303 -2.08144139989226 -0.254283891309349 0.278176761131378
GS1_SS_25156_12797 0.219524500529797 0.245121471718724 1.29744139837461 2.09549807788715 1.3526170918263 0.571056238191061 -0.397078094332354 -1.27192568741168 -0.759417442051164 -1.32198198662558 -0.907879874946941 -0.814593135502851 -0.269093238387719 -0.0392893192693529
GS1_SS_25201_14196 0.508936745611764 0.752610504773463 0.397252939329318 1.90342231286566 1.45043904262916 1.10367253920675 0.233632258097344 -1.24403040963963 -0.994108605371219 -1.00972871813799 -0.693811937429958 -0.826192393128381 -0.943343238879198 -0.638751039927074
GS1_SS_25313_09035 -0.0873334380756639 0.494027423388409 0.975820465691614 1.39301785672103 1.33541663902466 1.05522785865875 0.405444979316777 -0.569537917648129 -0.668282862270477 -1.68864729003474 -1.53641550040862 -1.26075253000456 -0.248205410356239 0.400219725997178
GS1_SS_25340_06710 0.268181096339958 0.417688673323647 0.616079512399589 0.784237933996937 2.08408147553923 1.67496617433638 0.274648727939856 -0.833873246275225 -0.943672573436284 -0.760172328043828 -1.09558671101528 -0.988795584598363 -0.56012697855861 -0.937656171948007
GS1_SS_25515_00893 -0.18996742987622 0.0740619979940119 1.09429819492623 2.02675557944314 1.66717044437345 0.811712018115568 -0.0891757935151425 -0.728267147065134 -0.994683542641395 -1.35888861520663 -1.08785228213483 -0.715947313743688 -0.340962387022187 -0.168253723647172
GS1_SS_25527_20012 -0.219720489308173 -0.0249125751810545 0.690547880738721 1.43570999172721 1.7405887452266 1.28475569773094 0.797168086654482 -0.323239493003525 -0.191765990419976 -0.642095495947015 -1.1662423501007 -1.58119194297236 -1.07888454107508 -0.720717524070067
GS1_SS_25622_02192 0.00950046379682965 -0.193692976367968 1.17098038628722 1.67961944940942 1.67306482230733 1.07266097975587 0.224492232745389 -0.925189360961238 -0.813760700225704 -1.65144204387284 -0.813839355750929 -0.596147080436308 -0.698399263228916 -0.137847553458159
GS1_SS_25623_08438 1.05406536861127 0.224899434410618 0.782651097686194 2.10334734383706 0.415169232584894 0.506759890333492 -0.628330033088542 -0.458766065892054 -2.09378055706611 -0.760959274757082 -0.616391535948195 0.443150085257582 0.12883184023439 -1.10064682620351
GS1_SS_25660_05461 0.0670387918527719 0.471974720060241 1.05586097168116 1.58298050439448 1.46944706657931 1.03477619037262 0.0519010001440815 -1.38510794134517 -1.22291731589492 -1.32023169116507 -1.22291731589492 -0.416289271988987 -0.282752323701611 0.116236614906016
GS1_SS_25736_09839 0.26768688271956 -0.229669993481208 1.52787294176852 1.42388014038109 1.70356264349139 0.803152922161686 0.0538880177553337 -0.600426937558144 -1.02544099540244 -1.08615728938019 -1.36519387446946 -1.19660927097803 -0.000369096012022824 -0.276176090996085
GS1_SS_25817_09935 0.114029132366256 0.755686217634306 0.565341400935293 1.76592619884249 1.2150696445086 1.6112289979917 -0.0779971756463521 -1.34079715215659 -0.693086698159592 -0.698467470363098 -0.886794497485796 -0.320468223066826 -0.669545819769255 -1.34012455563115
GS1_SS_26010_02243 -0.109452799256158 -0.0262280291272507 0.470995703898218 1.26936325053906 2.02605938745579 1.71263844462991 0.310625703585991 -1.06093031307033 -0.706192108478319 -0.876183128316086 -0.916319896888892 -1.0727352450035 -0.751050849824397 -0.270590120144041
GS1_SS_26028_18136 -0.28158609011865 0.460075508113499 0.901552494064949 1.63137119252493 1.57544638804524 1.1362721881606 -0.0759801912962537 -0.608910681043906 0.157588109765989 -1.43791366509581 -0.724049984384448 -1.12868239326692 -1.47574515047913 -0.129437724990077
GS1_SS_26061_07590 -0.0413270222444387 0.385341874078506 0.514986610526982 1.58514718654529 1.77321395443966 1.17989363508257 0.0784290422147527 -1.34505439064769 -1.27832102139485 -0.938587505198563 -1.02291421725443 -0.768720747100419 -0.590360651097368 0.468273252049993
GS1_SS_26116_02368 -0.0444330091354454 -0.43684784888346 0.821511852841007 2.01138025810022 1.48628031853323 0.248199412428868 -0.180341228788077 -0.900305621631713 -1.70192238359472 -1.55956792427477 -0.482240119874161 -0.14058941750628 0.386390675297008 0.492485036488292
GS1_SS_26119_09150 -0.215432289603343 0.333914152309401 0.55455329701206 1.01384294516862 1.94342918294082 1.67325880167226 0.462645335828662 -0.452081530973769 -0.375032940760142 -0.738262008910099 -1.13851442560427 -1.46872266937695 -1.02344185580469 -0.570155993898549
GS1_SS_26123_08799 0.882540892473787 0.122482103853727 0.45633970259338 1.64970303425852 0.658359066596693 0.717743099053363 -0.827946549579583 0.260287155248392 -2.30828534909753 -0.827946549579583 -0.146592914024104 0.217667036260351 0.604089448418588 -1.458440176476
GS1_SS_26165_12802 -0.31068490728355 1.21419550539993 0.340661923284961 0.728038156196131 2.23491012038643 0.995546759451346 0.174021859625119 -0.825464721774145 -1.46460543302999 -1.12707969899286 -0.211620750543092 -1.21641434033917 -0.218696761738839 -0.312807710642275
GS1_SS_26202_10826 0.0553514904139348 0.56601876600264 0.816334930565226 0.191938261723141 2.10415306005203 1.18428296756145 0.882677076629697 -1.36152720053442 -1.31804243252578 -1.27177017938837 -0.118030084594894 -0.637617312595629 -0.285000443807577 -0.808768899501451
GS1_SS_26277_10922 -0.389293269206727 -0.626443226441619 0.310790691107924 2.48837830753649 1.4889992166833 0.88775114742946 -0.122432041703226 -0.909510601364361 -0.0840774928110221 -1.22661088586751 -1.20662330405045 -0.520563063302578 -0.241817327691634 0.151451849681946
GS1_SS_32188_16751 -0.185720884837519 -0.124289286781399 0.256286954834562 1.66097288599583 2.41763037424804 0.555578703900657 -0.288731186456012 -1.29055319256023 -0.924211101713372 -1.09033862450538 -0.308097123160289 0.295618160907077 0.0244201304642075 -0.998565810336175
GS1_SS_35358_20352 -0.589881892603823 0.589559992526003 0.0149683536185964 1.16576113182251 2.12502336372395 1.391091186296 0.296952821788282 -0.772077336649532 -0.101559474551981 -1.04891140357411 -0.965217383341098 0.0500554621008974 -1.54785652419399 -0.607908296961702
