V3 V4 V5 V6 V7 V8 V9 V10 V11 V12 V13 V14 V15 V16
GS1_SS_00277_09034 -1.11504212214606 -1.04109592845462 0.0114898907118838 0.92102807311666 1.99962255351257 1.71276231936472 1.141591719817 0.1186226261583 -0.48777441014277 -0.876629394209853 -0.455901050793009 -0.365380710239689 -0.730011941200953 -0.833281625494178
GS1_SS_00304_06316 0.00916570646606184 0.127822115010778 -0.0862611780879115 1.00617687614876 2.32282629594409 1.21617177302508 0.496242365503967 -0.400603096730649 0.346179640523765 -0.74440005179365 -0.736966604116612 -0.779708928259579 -1.42363133328298 -1.35301358035112
GS1_SS_00350_11004 -0.176935683901383 -0.222142050591429 -0.745475799704495 1.23344218650687 1.11865380208106 1.46301895535848 0.941407032011804 0.317160788472639 1.00724154660896 -0.474879064065425 -0.312318454944761 -0.876638409555747 -1.67340484262899 -1.59913000564759
GS1_SS_00428_03383 -0.717214155705054 -0.370766608265422 0.287109938377468 0.660903430788201 1.05881644013028 2.12440332028475 0.857440114429424 0.527518174022687 0.424626596901206 -0.482117722320409 -0.783316583836637 -0.661341865260503 -0.99578867425958 -1.93027240528641
GS1_SS_00440_09405 -0.526983870674429 -0.973064877342234 -0.201579668885353 0.830082979836067 2.09521949531198 2.26156962537456 0.278500969628575 -0.351148864774951 -0.550331257349879 -0.553833365351196 -0.763959845430241 -0.719599810746887 -0.0323111154883452 -0.792560394107666
GS1_SS_00522_13919 -1.1209815816594 -1.45871714587671 0.369720984349803 0.779521615230158 1.31278829557329 1.58608746924915 1.38463116778618 0.846179950273049 -0.624006661506281 -0.122217528266737 -0.438103971553328 -0.455138879397623 -0.837313333643534 -1.22245038055802
GS1_SS_00688_21138 -0.292569315455096 -1.19591131595671 -0.63154867247152 0.764344442841043 1.45767842119961 2.06545357572212 1.01450903769361 0.886080359208201 -0.154011051060976 -0.93362739510622 -0.853314249687174 -0.604415853073194 -0.489553584286946 -1.03311439956675
GS1_SS_00743_08174 -0.231870284333986 0.447253745834868 0.364574637430473 1.22819222390783 1.59104158611925 1.37080465980187 1.0411713586088 -0.00257115006485286 -0.979592701388583 -1.58253641770011 -1.33341596006241 -0.669094739695221 -0.892942107427645 -0.351014851030276
GS1_SS_00811_00697 -0.841764811818273 -1.17414427036087 0.152851443256883 0.421997736515764 2.20459651281873 1.72269133579898 0.800315819409773 -0.0239672226290557 0.354440935998976 -0.264370349161394 -0.744483019074099 -1.0354276399664 -1.08947308037983 -0.483263390409188
GS1_SS_00984_05811 -0.465209919793147 -0.847866509359493 -0.662282482087131 0.485068673187666 1.45293356208619 2.02426724604611 1.47193383154503 0.528106492845589 0.136612568647226 -0.508512859490031 -0.62074700931665 -0.883215847887562 -0.874378513255544 -1.23670923316825
GS1_SS_00991_07040 -0.190676052828599 -0.058852072542696 1.70830473316712 0.210031908194176 1.09235510073554 0.886141977796295 0.461163628782365 0.434355922800263 0.551718087116557 -1.60545049458706 -2.09139620168738 -1.02088111999406 -0.54121146446146 0.164396047508925
GS1_SS_01054_18346 -0.596394743963476 -0.43645250682879 0.385561381233943 0.997292646768999 2.16659147203653 1.43219534336033 0.857104231750549 0.0454451697971337 -0.0631689908387521 -0.691340534135063 -0.907995357345396 -1.32378145188875 -0.808907636730082 -1.05614902321717
GS1_SS_01179_04305 -0.475958110257772 -1.01417025161231 -0.549745258669282 0.794699989593374 2.7348679507666 1.10590813907015 0.752380889769125 -0.0212990634280282 0.0593242472627831 -0.513177216000636 -0.991383044014642 -0.704915291358192 -0.815596013975457 -0.360936967145713
GS1_SS_01245_21458 -0.566527782814088 -0.0289721540194512 -0.134218633005186 0.530038023152799 1.26902802282614 1.61587655493088 0.917411813304145 0.313466276474339 0.878078474611854 0.252678389404435 -0.477133831240701 -1.24830565348046 -1.45927537919365 -1.86214412095105
GS1_SS_01251_07968 -0.482181399651606 -0.762699284533686 -0.264471777456035 1.02251961746999 2.38272309773612 1.15353071755228 1.30573478970671 -0.189333058291192 -0.394326897243481 -0.594118824868974 -0.58564163604012 -1.21044898540316 -0.850168460176862 -0.53111789879999
GS1_SS_01481_02430 -0.486654959337094 0.332895445437625 -0.514235982574705 0.357849704557368 1.6318303017232 1.61869648113386 1.24700935845558 0.552230249279577 0.438622701181799 -0.413762255066266 -1.22214891234005 -1.22608905851685 -1.3502036630861 -0.966039410847947
GS1_SS_01563_09073 0.0934224456682218 -1.24240713444107 0.742454118203089 1.09676421239086 2.170431164475 1.06616470425646 0.733327949110374 -0.747258777813665 -1.13377888056396 -0.891130149392941 -0.0332702546777075 -0.556682893818729 -0.140636949886122 -1.15739955350981
GS1_SS_01664_09745 0.0594095775365944 0.770393287548918 0.189325066926536 0.318324044927482 2.32548398682499 1.08361105473772 0.623064081768085 -0.877723317710071 -1.38936580061614 -1.10685116495864 -0.715042546163584 0.453509474804141 -1.14007470280969 -0.594063042816337
GS1_SS_01808_13897 -0.642998000541833 0.343177086420443 0.192399365749952 0.670512157568598 1.34137122058112 2.06864621942284 0.887590867172283 -0.156103945668031 0.308346378212846 -0.277275564362066 -0.790415293730324 -1.13970352251637 -1.22923315981054 -1.57631380849892
GS1_SS_01844_08215 -1.75320807961822 -0.171957615866993 -0.902950523528228 1.33524937865138 1.98375090448273 1.17722371948328 0.451448640190804 0.753834217561206 -0.535217857539572 -0.860959428560605 -0.438812266726329 -0.087478489896626 -0.987926585533715 0.0370039869008855
GS1_SS_02202_10050 -0.0246019302794082 -0.407165650375926 0.235493529056285 1.35964844379246 2.11919101215927 1.33571327882291 0.715792506111768 -0.4346910900909 -1.04743131331118 -1.12960871303995 -1.21098827393639 -0.626970248679557 -0.847971605231664 -0.0364099449977157
GS1_SS_02249_18607 -0.485252223812434 -0.793032017043202 0.704997080424949 1.15639222227749 1.48061129229803 1.20205688002686 1.08561200276596 0.386029446045585 0.624398959497307 -0.794858603353177 -1.05080901003841 -0.992129924830465 -1.40539507746228 -1.11862102679623
GS1_SS_02311_06383 0.0548659837099346 -0.0928845669661542 0.398721810737923 1.23149764182133 1.77862240826431 1.56013068484027 0.892119104207772 -0.979387871022688 -1.05908362259949 -1.50860347980795 -0.397340247147186 -0.236157828227816 -0.828950946697943 -0.813549071112314
GS1_SS_02314_11725 -0.407692372923978 0.639260674612437 0.00783743911066155 1.04807091222189 1.37841386138245 1.80109676877293 1.03788317035146 0.183630176492035 -0.318820582139313 -0.738685603480521 -0.953928745551672 -1.19019765275968 -1.29641028077062 -1.19045776531808
GS1_SS_02361_16821 -0.0644193294667706 0.233884283639591 -0.0648059835343096 0.660557047168911 1.48374355695951 1.80853297369229 1.25793758151671 -0.0988315414777443 -0.253106514425817 -0.569389541672744 -0.762716575442259 -1.85694758657771 -1.35816383945237 -0.416274530927288
GS1_SS_02610_15910 -0.79018340900768 0.181078165887931 -0.0378832021703169 1.79844306452757 1.78481219271863 1.3771252086147 0.442171319537465 -0.655113861082672 -0.717072369305153 -1.16813030916481 -1.08758424847559 -1.10121512028453 -0.263907840165927 0.237460408370388
GS1_SS_02743_09838 -0.77390669375191 0.133426324643947 0.374147329524481 0.657192906691701 1.49839378088961 1.80127900131621 1.5407183531763 -0.00981589968880981 -0.998755984024935 -1.07150134264268 -1.11118062916145 -0.888976624656341 -0.814908623154638 -0.336111899161489
GS1_SS_02882_14423 -0.0113446910423787 0.300967980006636 0.300967980006636 1.17918053364019 1.91324877755882 1.02435886765008 0.805473064008892 0.225425684359738 -0.0967635412438188 -0.596730748829123 -1.10737531268961 -1.63697218393853 -0.925059454290908 -1.37537695519662
GS1_SS_02976_08564 0.0520158718991948 0.268162634072384 -0.207133911020493 0.432253107973496 1.40170717217087 1.78269884720564 1.1055898801884 0.130477523787543 0.671787477921096 -0.696576186622086 -1.36670659325502 -1.41800844256663 -0.783525276815663 -1.37274210493874
GS1_SS_03019_00127 -0.543031789677655 -0.543031789677655 0.0688000530373046 1.16534172630373 2.13750502795694 1.50098042028936 0.742821081558867 0.0797746152384698 0.0923953617698098 -0.602477334933966 -0.818310391556881 -1.20973644339844 -1.13108541429009 -0.939945122619795
GS1_SS_03025_20848 -0.918551574763817 -0.729179557471044 -0.230485265992397 0.852582071888542 2.310878418512 1.85392505891924 0.587636998970811 -0.400085262918175 -0.648333963081554 -0.153154697445928 -0.102626200952497 -0.545958835403559 -1.09430286691488 -0.782344323346741
GS1_SS_03061_09330 -0.0825200246438346 -0.0582647858788076 0.368693869094613 0.785684617726243 1.67061319184755 1.53881531910608 0.542024684926884 -0.12172712292155 0.504921922432436 0.0137256488119119 -0.501615109058731 -1.49142820879867 -1.67638824869636 -1.49253575394776
GS1_SS_03078_13763 -0.397348521957067 -0.962101955916475 0.467756327598824 1.20123999696089 2.17941149910619 1.48245705596532 0.656200748581172 -0.465188513510712 -0.515633635435218 -0.422281168425501 -0.401407324870533 -1.44451967363129 -0.78409445671161 -0.594490377753986
GS1_SS_03219_18444 -0.557576536705158 -0.826119326426464 -1.01793560479883 1.40516326945711 2.42503151009889 1.09987820669546 0.528481828163708 -0.0372411111485817 -0.40174607281054 -1.12221882092803 0.154318511640042 -0.129366957521787 -0.820445887207 -0.700223008508829
GS1_SS_03259_08864 -0.484019480008438 0.115645376038121 0.79712079677686 1.44304722305535 1.35926171422649 1.42210084584814 1.14680560255331 -0.151869784294027 -0.651590497666159 -0.986732532981601 -1.3757366811156 -1.05555634380531 -1.08547973981562 -0.49299649881153
GS1_SS_03416_21297 -1.1841087852385 -0.559116724662346 -0.642900359052379 1.14956163729196 2.03140554673049 1.9086921428259 -0.21721179240403 0.233231029859556 -0.0572612176594219 -1.26916186863444 -0.677598631880575 -0.577735310082354 -0.431325524734114 0.293529857640262
GS1_SS_03477_14089 0.21558506972184 0.624846962104715 0.436691193672859 1.18839042565676 1.659549714856 1.36084088444864 0.16785324630623 -0.167809253842253 0.223283750917906 -0.977710515668408 -1.29643591718555 -0.549047946671447 -1.71247264902096 -1.17356496529633
GS1_SS_03480_08623 -0.281317393365352 -0.79521680796083 0.10190159069458 0.772672661354879 1.30669796504127 1.76518226035902 1.31579596969881 0.370540855491701 -0.136852107288083 -0.598920465046678 -0.0571756422569172 -0.840155437026851 -0.900257407188769 -2.02289604250679
GS1_SS_03551_14146 -0.0829319478737643 0.162729893722062 0.252760155223103 1.05754285864094 2.25840381616244 1.2853633374393 -0.310752426672129 -0.451177676013386 0.31254244471983 -0.0375050933663796 -0.713212399007191 -1.79433036390726 -1.07834275071987 -0.861089848347696
GS1_SS_03634_18124 -0.382867277544616 -0.224689602889234 -0.329725128954255 0.458526949745066 1.92652677242396 1.89322620933862 0.873396464849971 0.0658578100303894 0.523740552453864 -0.672304671694727 -0.662036998076746 -1.01086039639572 -0.904021089830243 -1.55476959345633
GS1_SS_04383_08985 -0.314980168745476 -0.681874233791444 0.255265738803976 0.303682844161949 1.52217999567092 1.91489651690781 0.723297757264376 -0.156279656738789 1.01057258238834 -0.569707939712141 -0.18075719333643 -0.705544818633119 -1.536167159441 -1.58458426479897
GS1_SS_04484_01565 -0.360696867023703 -0.535682950960213 0.194621746352099 1.02097558752861 1.47030893870943 1.21693792127455 1.50894939888469 0.249822403745319 -0.351312755266855 -0.434665747930619 -0.671476568147536 -2.28333576402958 -0.609651831867129 -0.414793511269059
GS1_SS_04546_11515 -0.761455735162563 0.246427354860573 0.694752773169096 1.23647932029189 1.369788204145 1.17823097995863 1.38422292405266 -0.134394520350359 -1.00344956890864 -0.627297750138422 -1.30063497877224 -1.69801432681844 -0.330961441445857 -0.25369323488132
GS1_SS_04610_15711 0.291126434585405 -0.0945690385746837 0.249883750326702 0.325495338134324 1.03196724441765 1.42148148463873 0.976595122033285 1.15703186566511 0.0620004109259464 -0.914649264922496 -0.121300408001621 -2.23689735979062 -0.762853274248105 -1.38531230518963
GS1_SS_04623_06984 0.464034312009303 0.127675292410466 0.321899408169218 0.657047050746691 1.80650924657465 1.59115333166543 0.685716306918981 -0.153229579099247 0.0920069690036264 -0.528756455722199 -1.00388544299066 -1.54631315366826 -1.47766845579095 -1.03618883022705
GS1_SS_04644_17092 -0.703660806718089 -0.373554871036335 0.45344484894637 0.783670431578353 1.79229422200865 1.73725662490332 1.06484076461645 -0.0634299760428203 -0.113562048188763 -0.845921030540345 -0.860278664567823 -1.62362620702871 -1.00744441334947 -0.240028874580794
GS1_SS_04686_07491 0.236810842535528 -0.366720635543088 -0.51665954658991 1.93982137198376 1.46100185677949 1.48289074890312 0.772596199491528 -0.520490102711544 -0.708734574974708 -1.05512629283105 -0.710923464187071 -1.52683191809515 -0.183948386310829 -0.303686098450082
GS1_SS_04763_21236 -1.51368405849542 -0.587947699346494 0.873827106425434 0.953234170609587 1.92715284488463 0.899915669607086 0.593375052222677 1.11188524545801 -0.394321644482672 -0.799102007597988 -0.510497277400965 -0.607514121732733 -1.33432518662156 -0.611998093529579
GS1_SS_04987_02152 -1.06938543262148 -0.0744586124227101 0.102778361225796 0.806340638388632 1.28946220206893 1.39374253958462 0.865740830644406 0.894120922499943 0.903624953260867 -0.739384364533846 -1.28982614610402 -1.56966705184233 -1.20402586840123 -0.309062971747571
GS1_SS_05465_20155 -0.326191623677603 -0.0177996074669031 -0.142703900770878 1.34828736836409 1.17757255254056 1.72779008843221 1.00685773671704 0.0476615413344921 -1.95793050355628 -0.830475820635443 -1.16330830328419 0.123316452519594 -0.120842579032326 -0.872233401484363
GS1_SS_05568_09178 -0.54585108321897 -0.422371062730192 -0.444842610576495 0.667385515149626 1.13838007859487 1.32677790397297 1.07709403901404 0.780878181040046 1.31656356404283 -0.27346868508196 -0.361312008481146 -1.21999751860807 -1.45379241034233 -1.58544390277522
GS1_SS_05715_13689 -0.12883907585249 -1.65995244194519 -0.168690404943108 0.737452911284031 1.7780153930946 1.03633787946366 1.2529899463452 1.18498966257946 -0.351342329941772 -1.0767314035079 -0.970461192599582 -0.120299505333072 -0.932507545846613 -0.580961892797235
GS1_SS_05993_02030 -0.979731996020607 0.241606990705122 -0.0432976886602416 0.157138996986449 1.72137927566858 1.62201959673723 1.21231425398329 0.528695129681569 0.45178337821249 -0.596031902567211 -0.885892299252113 -1.55135681555156 -1.1588247506376 -0.719802169285394
GS1_SS_06023_14572 -0.253852680910204 -0.331553016239195 0.417970950166072 0.572045029733072 1.83079046206273 1.50482807970696 1.5323074665916 -0.0975044451872338 -1.19099453018303 -1.23268739304249 -1.13129793108881 -0.780698857043362 -0.71152660729926 -0.12782652726684
GS1_SS_06225_18891 -0.554599273871535 0.243143290864338 -0.617517981750831 0.66538380772024 2.03306589001172 1.50252254814816 0.331061520937879 -0.470352190439935 0.762427916483222 0.0220666801238777 -0.130964414463902 -0.574328021257416 -1.59009190693588 -1.62181786556994
GS1_SS_06515_12129 -0.479982615007679 0.492391951687727 0.403801831526008 0.38341826405517 1.48099497402338 1.47158717365222 1.0968431255345 0.224504836119058 0.361623526528658 -0.400643498544262 -0.465635719441666 -1.82663083980224 -1.36956853843691 -1.37270447189396
GS1_SS_06650_15167 0.02841860511103 -0.0585993979874686 0.44021686388551 0.255373482571354 1.0159890899548 2.1041799638204 0.560588662604204 -0.107605254122169 0.552762632346951 -0.0548727169125864 -0.181989808376817 -1.31877660345887 -1.05418224714224 -2.1815032722941
GS1_SS_07004_11116 -0.819843553818023 -1.10026291662743 -0.0566337443162225 0.467100061812982 1.01727645424513 1.85320337608001 1.74658004421332 0.65262465926103 -0.0342215199578433 -0.931798052278052 -0.803850054038018 0.124199426529692 -1.36042384638216 -0.753950334724405
GS1_SS_07282_03732 -0.507457055381095 -0.406158983597465 -0.486267850082225 0.529446958760383 2.29375588512952 1.60886608804992 1.26573766675854 0.117419444110098 -0.646758992152376 -0.857283999637924 -1.00219082297213 -0.254690341848123 -0.782096496964514 -0.872321500172606
GS1_SS_07495_18169 -0.272881388703861 -0.0386604144622487 0.0851967645219228 1.0629636002425 1.96822867265526 1.59766410463758 0.397860618786844 -0.32866746769348 0.614862424242852 -0.524019441050628 -0.729843891330016 -1.30341339660956 -1.33966427826346 -1.1896259069737
GS1_SS_07539_05870 -0.515275995843058 -0.577332727061122 -0.297417258588154 0.585570805285891 1.57088645787057 2.01980749221401 1.4553553093263 0.250959590202108 -0.657214264054587 -0.186837444981498 -0.743037402973185 -1.34049848544497 -1.09953351848121 -0.465432557471103
GS1_SS_07572_18985 -0.706109976518523 0.26849153477475 -0.162353029699561 1.02746877388034 2.07933144125023 1.66525204266967 0.395997691044983 -0.351112638467139 0.0508473630817959 -0.786905956729364 -1.08686103326211 -1.48579118555314 -0.977281485101159 0.0690264586292352
GS1_SS_07606_16073 -0.288198395259908 -0.000523891245675474 0.235809270692363 1.02630295027821 1.40158371259706 1.59513242280494 1.33924065436169 0.262294883668177 -0.723377390000985 -1.38348035955206 -1.44052629519227 -1.11454952010532 -0.82117042252707 -0.0885376205191517
GS1_SS_07726_16461 -0.0996070340169166 0.949869144138357 -0.499464662536031 0.431935439129614 0.461554522723622 1.4097654556183 1.03672510548835 0.768952579483062 0.918649028998726 0.211393343720172 -1.1718979116973 -1.38843742824269 -1.45648126893163 -1.57295631387564
GS1_SS_07917_21846 -0.207042217304273 -0.223519373623139 -0.378872644749754 0.47848322028025 2.17474674939397 1.27369777685961 1.11543163189937 0.41624481603515 0.238656607978539 -0.368192107359799 -0.624525004718713 -1.10320727137759 -1.58091858009193 -1.21098360322168
GS1_SS_08172_10001 -0.811994082311269 -0.26323179237088 1.05979368100084 1.0819527283381 1.88945448277533 1.23315563958059 0.625737047865095 -0.167752367814743 -1.22063298467781 -1.22910556160088 -1.2278020882281 -0.851750020181059 -0.395534339708052 0.277709657332829
GS1_SS_08232_17196 -0.794308065656901 -0.787491433469328 -0.0274369445549799 0.563905897716946 2.06186082093603 0.904737507095578 1.45347639819517 -0.0497614149692802 -0.598329890264188 -1.52539186777407 0.920074929517616 -1.00221534737787 -0.355487368581913 -0.763633220812824
GS1_SS_08269_19188 -1.14526623936597 -0.279170443209915 0.749440270602721 0.763378085153028 1.97596795102971 1.64146040182235 0.264125567961041 -0.637093520861792 -1.08616990567267 -1.53357375273752 -0.56523014904041 0.501347171607261 -0.52252468525827 -0.126690752029559
GS1_SS_08530_19289 -0.505140127841781 -1.11288713331242 -0.294538394520958 -0.186646645376811 1.76114179328897 1.70377225257768 1.77224557536213 0.319500754124463 0.225118606502654 -0.704675091696361 -0.236613664706005 -0.774221780081216 -0.98704426981667 -0.980011874503672
GS1_SS_08634_06140 -0.0237135101489965 0.748354262143911 0.351755238060817 0.817434010191171 0.74022723296188 1.45743755827608 1.21769019740618 0.508606901274008 0.427336609453702 -1.23667261556706 -1.31184763550085 -1.6186429871225 -1.14402448289191 -0.933940778536424
GS1_SS_08644_11121 0.412119614420806 0.0281590562905226 -0.544757068445118 0.888956637492706 1.86398159511734 1.10246575230102 1.02595831949471 0.55090053904621 -0.891531455746287 -1.2959533040457 -0.987788481672368 0.346287637354909 -1.29661162381636 -1.20218721779238
GS1_SS_08700_17136 -0.46622332856039 -0.719391144492336 -0.317670312600322 1.07893726702426 1.97653225078298 1.31745901096014 0.310123102030922 0.21032058285775 0.106333471685702 0.197766806861124 -0.0153335406815925 -0.25239067741787 -1.37218749631686 -2.05427599213351
GS1_SS_08866_07353 -0.636129907439752 -0.181724444041673 0.760110135617716 0.754448937984019 1.49040463036463 1.62249924181756 0.931833130506525 0.335520313090442 0.424589822527274 -0.718217273128358 -0.853331189985926 -1.38170963579765 -1.2873563419027 -1.26093741961211
GS1_SS_08980_09757 -0.0233677127358447 -0.161840440136052 -0.211118990812283 1.54504535891188 1.40829738078534 1.80991756879662 0.853605694736022 -0.851124167719827 -0.83695658440041 -1.34329369259868 -1.05316622549237 -1.06610184504488 -0.230214429199322 0.160318084909805
GS1_SS_09152_05776 -0.369959295002524 -0.498351724739707 1.34926756924996 1.24324831943662 1.28066687819427 1.3438106960978 1.14502460269779 -0.393813626210525 -0.684587009889756 -1.01901537878624 -0.76332189394231 -1.31056831577293 -1.23339253833528 -0.0890082829971756
GS1_SS_09424_13691 -0.442231652695462 -0.271708031226591 0.0157107684376082 0.535684246076021 1.55462466827335 2.12303673983625 0.837931186737513 -0.581616178070017 0.35824082547508 0.0552524777637233 -0.385390445539171 -0.953802517102075 -1.07638181601303 -1.7693502719532
GS1_SS_09485_15868 -0.438341494160066 -0.0756949985786535 0.100923913698138 0.793038959657565 1.91547690683717 1.65797643660185 0.373610309101184 0.119262568982205 0.533887845382273 -0.324612119806132 -0.43702097892809 -1.18938453234642 -1.57563523769941 -1.45348757874162
GS1_SS_09536_13664 -0.154693711883546 0.931912620385982 -0.116627884956907 0.627386004972866 1.07206407407043 1.68111730489666 1.08417592809254 0.402451573133632 0.190667154232692 -0.441917678693644 -1.03528605856124 -1.64272149174309 -1.36760937895511 -1.23091845499126
GS1_SS_09613_05821 -0.897329442449941 -0.106934032015285 0.686112775452962 0.820078099255447 1.21778765429407 1.29593409317885 0.274588046397206 0.46953550197228 0.981394676667605 -0.410728313179877 -0.000306007101245257 -2.3336888985947 -1.07218209945464 -0.924262054422733
GS1_SS_09623_09637 -0.473163425104744 -0.0218653061330137 0.448538711339031 0.828557132059585 1.35029512956819 0.724944374807876 1.1403402009933 0.611253780984572 0.44119028883891 -0.692566325465506 0.393950429909559 -1.57332725083718 -1.08413226725768 -2.09401547370291
GS1_SS_09730_17182 -0.0807804011603064 -0.756410175133249 -0.532680462622974 -0.40990992569381 1.99587017030109 1.64584353309879 1.83914182528513 -0.281915110597448 -0.605820356963753 -0.5807438217612 -0.124141909948054 -0.0750336951763881 -0.910395774111424 -1.1230238955164
GS1_SS_09813_02809 -0.656005529688467 -0.277887063353852 0.246389871188353 1.02866313017796 1.62631516616851 1.71389190015525 1.39790557617608 0.0177435873202852 -0.763109508415486 -1.24478154534252 -0.989152159651515 -0.464875225109311 -1.11223297498422 -0.522865224641067
GS1_SS_09872_02104 -1.08446940727354 -0.669786762686719 -1.40459900586337 0.999749878060236 2.64632363620792 0.800242951006574 0.766609081787643 -0.104089396064693 -0.0943639399050018 -0.73867541048453 0.0145611690835374 -0.459068545893414 -0.627237891988071 -0.045196355986564
GS1_SS_09976_11683 0.13199655306733 -0.274116259106959 0.633484343858308 1.75490949565777 1.43032690713968 1.18265962395763 -0.160896929652309 0.00847057269765043 0.422274915405544 -0.158897131713572 -0.613466586249566 -1.57090830707259 -1.27492282907844 -1.51091436891048
GS1_SS_10072_04559 -0.535326742807807 0.321993862455771 0.0660276483987895 0.850547473300706 2.00904390964951 1.55528562109395 0.677687172898589 -0.196587038750581 0.3652089375563 -0.768937466091629 -0.4907819730888 -1.2254382497978 -1.37170465783036 -1.25701849698665
GS1_SS_10200_11002 -0.32763527528364 -0.463363435386981 0.830913730046099 1.68684608190326 1.16791419953622 1.48537840992547 0.567296333803645 0.38768485169496 -0.242847910785835 -0.675942354728395 -0.430273896534871 -1.52564752399715 -1.08119762945221 -1.37912558074057
GS1_SS_10272_07376 -0.198245385837238 -0.440765001382273 0.362618836713561 1.10401875321848 1.94350973010514 1.69316690115543 1.04323840292059 -0.617088195810797 -0.797022104118403 -1.14966849297545 -1.04134707660298 -0.792207818946293 -0.648982835076025 -0.46122571336374
GS1_SS_10358_13951 -0.0914752083001749 0.151447130049937 0.461462304706269 1.52148705387039 1.68764172685445 1.03143592975285 0.476184870666882 -0.183175761997706 0.221274157177414 -0.497818028813089 -0.293595006702302 -1.45878094129937 -1.21396570161147 -1.81212252435408
GS1_SS_10433_10146 0.558058015415699 0.364090265407036 0.06887656875708 -0.368812094042737 1.78588257107592 2.10075398588819 1.0823798078158 -0.725434414686467 -0.780058516482629 -0.844424496306131 -0.48762821355477 -0.833986769848266 -1.05317902546344 -0.866517683975279
GS1_SS_10504_01272 -1.02923945850493 -0.231586317044215 -0.678774243863882 -0.468352938521591 1.85481201370343 1.80505021852113 1.58467655414238 0.367645220541024 -0.576407122346011 -0.140493796549076 -0.315655315590767 -1.15648747761395 0.0204500667262438 -1.03563740359979
GS1_SS_10520_16010 -0.600328102723737 -0.639340879522747 0.244416735510598 0.798457276324426 2.05786064371794 1.97510626868974 0.872108670099528 -0.379255700862676 -0.962674044811517 -0.948487580520968 -0.974496098386975 -0.499249544653573 -0.366251441929673 -0.577866200930367
GS1_SS_10543_10626 -0.39260704130922 -0.658431219252915 0.124047203010032 0.611784232162162 1.56069729283144 2.35324319000442 1.0658916110829 -0.178319766841152 -0.497137419098522 -0.966881514368887 -1.28818390511469 -0.462650962491805 -0.542333955396765 -0.729117745216992
GS1_SS_10571_00811 -0.804243092481739 -0.32422194948555 0.00301336652372905 1.9726963226423 1.41742245889136 1.64090023567819 0.520660869897292 -1.04653404945725 -0.355577249800028 -0.958739208576712 -1.31561953579241 -0.706756613322181 -0.0978936908519545 0.0548921361349562
GS1_SS_10766_14340 -0.528031770548804 -0.844872593923648 -0.195958215280939 1.41566481900072 1.89092605406299 1.71422636410394 0.677181976827045 -0.0795801436182559 -0.601148883635307 -0.963687902689215 -1.12515486075524 -1.08859630421199 0.186992664509618 -0.457961203840906
GS1_SS_10849_04218 -0.534863596605946 -0.673834474141903 0.266075430414264 1.27600119693511 1.80854608642405 1.94539527117319 0.619019025499858 -0.0193983340508206 -0.560323910047648 -0.814927044464669 -1.10029472429041 -1.13742434805956 -0.714146637091265 -0.359823941694245
GS1_SS_11036_19503 -0.956888603221099 -0.551570543968471 -0.126445086345127 1.49519395433892 2.03622937279831 0.960027394656036 1.01710204625758 -0.100402025524369 -0.685453884807575 -1.42089525023881 -0.975228786897689 -0.626765297042488 -0.571561344175954 0.506658054170743
GS1_SS_11133_16667 -0.269588213350708 0.0251225318832421 0.528147066755856 1.4047024064108 1.66531711943366 1.60175255528174 0.820544061854676 -0.800352324019218 -1.27772220080012 -1.2173358648558 -1.04444025036258 -0.732338240376666 -0.479351275052035 -0.224457372802846
GS1_SS_11371_09652 -0.842206854090597 -0.705483388053208 0.499816387013987 1.30464246368798 1.36573167191745 1.25518929512126 1.50633381784242 0.393346624099765 -0.666211754191405 -0.953234065872732 -0.789359840622245 -1.5626716432096 -0.745239856900959 -0.0606528567421183
GS1_SS_11378_07224 -0.457908261172591 -0.393847298227966 0.736589013869692 1.073889594272 1.80340015188629 0.856866740214701 0.272038085305273 0.746176368868207 0.84553622976191 -1.10156841266382 -1.43712583761185 -1.38657432943786 -1.08936632448389 -0.468105720580103
GS1_SS_11387_07960 -0.453868454795317 -0.449969113649026 -0.4268330228477 0.931697432520032 2.00531602813211 1.6270799369419 0.721392966696746 0.257371370288134 0.0101531416132945 -0.0674437471978935 -0.321290855821428 -1.60547387333322 -0.870915988194944 -1.3572158203527
GS1_SS_11410_14397 -0.561048513865272 -0.969328519956753 0.0582415915282971 1.60401324920638 2.01425613994253 1.42146497725202 0.406653615957326 -0.0342102752356873 -0.121558641923528 -0.0683644680529554 -0.898272095819678 -0.536316167342422 -1.4129404496523 -0.902590442037953
GS1_SS_11419_13966 -0.756457150161088 -0.298964602752084 0.157325727025234 1.277240189493 1.76495063953626 1.53750406056872 1.14857041053422 -0.0396755027290834 -0.512764386981576 -0.883177387014434 -1.05863617650368 -1.50703086075398 -0.642733860677315 -0.186151099584182
GS1_SS_11507_13189 -0.539764549921299 -0.742590186011357 -0.26884745028672 1.59956299264765 1.99072671939276 1.68745410162001 0.4960949486815 0.00545007661602535 -0.277057059366556 -0.487126468174117 -0.622826477081989 -0.790882004128038 -0.882636458549731 -1.16755818543815
GS1_SS_12068_09823 -0.53355794205181 -0.0579024072517703 -0.220455442611501 0.403954629722702 1.99695193966623 2.14391155065398 1.06583379371332 -0.54421531842115 -0.431808043451896 -1.11051464381516 -0.622518989008515 -1.07910342925289 -0.532772661687753 -0.477803036203786
GS1_SS_12120_05140 -0.489272215413413 -0.763504248242027 -0.332109997768944 1.80962614166155 1.73104503283931 0.772355505208054 0.934008071928079 0.896401398420295 -1.17004120918971 -1.43224552128023 -0.730628478224562 -0.622378991581688 -0.312063796538782 -0.291191691817938
GS1_SS_12302_06042 0.441486434449297 -0.1905781281603 0.0454808086546214 1.31281738030745 1.0680785766034 1.68828622822609 0.879584094247483 -0.148470892988857 0.258768395907513 -1.37961348379577 -1.32610537267538 -1.53740160692919 -1.07832633538494 -0.034006098461434
GS1_SS_12361_13294 0.785615254660596 -0.149760170408455 -0.532166848253177 0.986596037050578 0.92684499363734 2.0816697054241 0.458614089799058 -0.347883766540676 -1.3034984995877 -1.15140493453582 -1.31544870827035 -1.18073726493869 0.649817428721419 0.0917426832417775
GS1_SS_12399_21260 -0.427778221334282 0.217063040115474 -0.341950757662448 1.11870552223413 2.08369684658675 1.52059602672922 0.79628489150925 -0.21048488076829 -0.316247929917338 -1.17683854581412 -1.56964677902119 -0.486585927924242 -0.324694442215201 -0.882118842517718
GS1_SS_12426_10695 -0.334342024594627 -0.610500589900715 -0.67904354316014 0.976914472542195 2.48783957265212 1.25903329465345 1.0305567837887 -0.0283821752627018 -0.2479183009197 -0.614474094437493 -0.882685650670025 -0.429706133477305 -0.92738757670878 -0.999904034504983
GS1_SS_12428_09017 -0.264504591193818 -0.578057001226792 0.384775810502753 1.20114664123005 1.62867122662041 1.63382833862753 1.1732982363916 0.326242589221927 -0.666759327749278 -1.04683848267412 -0.757524499074613 -1.06334124109691 -1.06540408589975 -0.905533613678994
GS1_SS_12665_13611 -0.651159607737742 -0.546068398468214 2.03499908652282 0.796668632019493 1.34095209370858 0.656318808565074 1.12614840049481 -0.109614679189227 -0.608541185737559 -0.661600265336181 -1.20160476899312 -1.54392141156488 -0.596560103247547 -0.0360166010362996
GS1_SS_12672_13178 -0.5545172510175 -0.198316747079626 -0.196938553079163 1.03203462424289 1.71987872083766 1.4555160534761 1.04456366061074 0.634864171382161 0.111025160842502 -0.473955547172247 -0.557524219745783 -1.22319192196946 -1.52514169843456 -1.26829645289371
GS1_SS_12683_11053 -0.443838468307424 -0.469552133518165 0.152404983298716 0.74965189501064 1.73304279867996 1.94000644549813 1.18615704102713 0.147575831539625 -0.245027934848766 -0.702856608113183 -1.09546037450157 -1.22716451338586 -1.02647249222885 -0.698466470150374
GS1_SS_12835_11275 -0.346175346311239 0.232604290862834 0.0758573457733139 0.22471055981516 1.60329430349817 1.42427576009557 1.14094719927728 0.204553353746993 0.599662784579659 -0.456123743046693 -0.148832070119397 -1.69797678822535 -1.79821307658251 -1.05858457336379
GS1_SS_13100_03376 -1.57622901228606 -0.862179408576784 -0.00863208832839797 1.33542956594595 1.85999027805601 1.46637717396168 0.879423778032367 0.313491324589815 -0.55252682962195 -0.383835499295809 -0.977721415649482 -0.79054336419171 -0.688096117920584 -0.0149483847150388
GS1_SS_13168_02819 -0.750616611978236 0.247639326686837 0.270932623258417 -0.0251686043464103 1.65688376926741 0.969336718769001 2.01615325876127 0.0460930910971514 -1.50745134973617 -0.354630570261381 -1.14818186024232 -1.31005053133296 -0.290475304280335 0.179536044337727
GS1_SS_13261_11151 -0.821779270818902 -0.471606652143375 -0.4563010939761 1.41491934317147 2.36571916871429 1.25722571356925 0.545285356394498 0.00437301661922134 0.125542018776813 -0.429284464786895 -0.666984421172601 -0.930773397161616 -1.0936848306845 -0.842650486501549
GS1_SS_13281_08129 -0.331283999284867 -0.334683812038673 -0.164693174348387 0.453732765568874 1.33753837529748 1.72317427908631 1.04175466571639 0.618720821635704 0.648347761347439 0.0611515300115648 -0.664951336694086 -1.58435784283041 -1.47264970949107 -1.33180032397627
GS1_SS_13316_07733 -1.3588551551315 -0.917182893162042 -0.0176187663824379 1.01419750663661 1.54694907686531 1.95992511842432 1.20384209369694 0.215070151293562 -0.668898203523844 -0.561724058599616 -1.00077623087943 -0.72129999731683 -0.228099304784268 -0.465529337136776
GS1_SS_13531_12870 -0.398892406666653 -0.377107465424936 1.21876613716598 0.17800323500645 0.815592736232059 0.637158868666179 0.769895022278503 1.04955287263729 0.903137802431332 -1.45520874361969 -2.22528108518737 -1.12083522688635 -0.367988187695845 0.373206441063047
GS1_SS_13650_21320 -0.852422503594774 -0.759555547516384 -0.256029207678504 0.929089470349399 2.26501045320184 1.70440075504055 0.874562083294197 -0.233025466264591 0.00391307029871594 -0.434095206030648 -0.598529357618991 -0.962329268127916 -0.72291995933867 -0.958069316014228
GS1_SS_13865_02461 -0.81422508338756 -0.661347110988975 -0.437275965169481 0.861437398393005 2.12343007250681 1.64306350237204 1.31257729733393 0.0723172761591344 -0.270908759912198 -0.743781311792133 -0.790244224972096 -0.797738243226928 -0.645609672653827 -0.851695174661723
GS1_SS_13900_11543 0.239548894962729 0.204261974069221 0.0659683796851056 -0.375637056791 0.81918846316932 0.9463251634474 1.35757346944894 0.778971751856867 1.07865111679805 0.179742753301305 -0.277041248412081 -1.79230314560389 -1.77543807311802 -1.44981244281396
GS1_SS_13940_17311 -0.482898595974657 -0.082663223976933 -0.159561448658897 0.420655544038424 1.63047675131933 1.78957652652339 1.37691148458785 0.414026386738255 0.0118022675504801 -0.419258685893031 -0.935007123846206 -0.742761562141295 -1.56477706736229 -1.25652125290442
GS1_SS_13964_05594 -0.0885118789501979 -0.338602681829315 0.0224438997919457 1.90693093557121 1.68437894069158 1.17763285163115 0.975094525355804 -0.616392402056759 -1.25843089088215 -0.512321325314489 -1.16796910879079 -1.08871498111783 -0.503435256454188 -0.192102627645965
GS1_SS_13990_08718 -0.955344527288235 -1.66769925089664 0.263758162968708 0.616820270879578 0.863271467774224 1.66216102175294 1.83523068249356 0.77604435876095 -0.997573524508947 -0.265142720254633 -0.50051745886188 -0.323294126263482 -0.427828201350818 -0.879886155205324
GS1_SS_14021_04434 -0.342672660704761 -0.710525100104937 -0.356705178829018 1.30213892800284 1.96467424801242 1.7712259624423 0.910230743246792 -0.137998360635235 -0.175184533664517 -0.617309086850941 -0.840827054115898 -0.854859572240156 -1.08338915312092 -0.828799181437963
GS1_SS_14036_02631 0.284208335647887 -0.489346843559294 0.271423345777174 1.29802005717797 1.95752300001374 1.67524055039305 0.638517114342193 -0.750110003298583 -1.16530571395143 -1.0070756412941 -0.94504945281242 -0.646311075635371 -0.575424003084885 -0.546309669715935
GS1_SS_14086_10010 -0.0727023094772976 -0.571459635199595 -0.270869282643746 1.33227926432078 1.65235232491266 1.66209367893067 1.24599870016123 -0.172064120461037 -0.623367135895582 -0.958330551914994 -0.294526856687494 -0.695313993428626 -0.685711801610869 -1.5483782810061
GS1_SS_14170_20378 -0.850507464223178 0.0111932455072111 -0.36847473031629 0.901565047217192 1.45796342594615 1.84636712510718 1.49962610647899 0.156430245816331 -0.105955044378152 -0.595155551279938 -0.810188741126877 -1.36121129010966 -1.06106079594831 -0.720591578690653
GS1_SS_14370_20558 -0.996316150106818 -0.142653550584801 -0.968264503819314 0.648530382205956 1.87770251953116 1.34982153939357 1.39572423331858 0.708458899274716 -0.426102685571723 -0.590714846286125 -0.821630898225539 -1.49487040912565 -0.62004156740488 0.0803570374008616
GS1_SS_14633_06135 -0.661387040684369 -0.973150867228967 -0.860231128575538 0.403943205037193 1.95025227925047 1.73297231566078 1.02516637366407 0.797680836026991 -0.660399404486234 -0.623527653089196 -0.680152128448933 -1.3517447431807 0.172507122607571 -0.271929166553155
GS1_SS_14722_05423 0.512670676514685 -0.314590138507451 -0.601332421007606 0.443006607881242 1.23294738613546 1.75667190211188 1.23294738613546 0.0814998517226964 0.622142784367239 -0.180860006755753 -1.03611084935383 -0.633054452260334 -1.24261505280296 -1.87332367418074
GS1_SS_14811_10676 -0.968370146430024 -0.564867866388004 -0.0916908955961177 1.89963794859107 1.29016622783546 1.64653990703623 0.753423829365719 0.369413007696313 -0.674834601684243 -0.97971592070662 -0.666688917588225 -1.33390772023882 -0.636869895451017 -0.0422349564417245
GS1_SS_15124_13871 0.729156931424279 0.458370728904702 -0.807750619530231 0.430440579714004 1.21657209595952 1.52312251390621 1.2370087904893 0.290108610609518 0.335069338575033 -0.215699579002522 -1.16191853573131 -1.22220678459416 -1.56281836009048 -1.24945571063386
GS1_SS_15288_15569 -0.849947100758798 -0.127289964961226 -0.638561384870385 1.71661439993433 2.24415101682379 1.22742159341668 -0.300146335911523 -0.788720693874793 0.465492974415729 0.0308473303947334 -0.493720733433679 -0.861697623292092 -0.558657831643987 -1.06578564623877
GS1_SS_15467_02488 -0.671128875589628 0.0665787529309293 -0.0853863102560506 0.489372641599656 1.73819444798771 1.76076351677785 1.37859395193139 0.228474206385573 -1.08444375536649 -1.3808508588104 -0.999584056715546 -0.293924505876995 -1.01959529770947 -0.127063857288519
GS1_SS_15554_17299 0.0121882894288461 0.660690392306306 0.819553549616619 1.11458512747863 1.1117482853838 1.68762723063369 0.913169338745911 -0.409224603757709 -0.496173813964158 -1.00283381210027 -1.14949854840282 -1.56906749422774 -1.06552802239594 -0.627235918745167
GS1_SS_15581_16940 -0.163446191844081 -0.185620953541691 1.07031980473568 1.12268998661726 1.43927009510867 1.38595630634633 0.936799431109644 0.364973661375547 -0.475780069372111 -0.820668384285994 -1.21698327420071 -1.48119320081053 -0.957491381994647 -1.01882582924335
GS1_SS_15697_00727 -1.30647196371601 -0.0612175434426931 0.61897738369834 1.35889674346639 2.22490101655815 0.559252951071323 0.877783258415416 -0.508818985741841 -0.693964726885596 -1.29220446036622 -0.953766008813122 0.253994739866566 -0.713872871094602 -0.363489533016099
GS1_SS_15855_13085 0.357805229458964 -1.53454089931035 -0.222401457406049 0.706462936298762 2.08695899175904 1.59609691308778 0.77456683726624 0.0781080764290043 -0.704015968644054 -1.2115827777413 -0.721149025491219 -0.945592070189073 -0.285069896088765 0.0243531105710258
GS1_SS_15899_09894 -1.50325302271564 -0.51757252505413 0.00782640084870211 0.46662127502418 0.997372312226531 2.436495572764 0.823428694992147 0.393773093447387 0.203475802797804 -0.263347238326953 -1.13559271039031 -1.04832356225648 -0.987368961345287 0.126464867988051
GS1_SS_15903_20868 -0.302538997255717 0.0217442963282393 0.347296800454599 0.907653254925507 1.10691931008277 1.75929352887789 1.18370654789815 0.621446277613639 -0.508151105124997 -1.66186348816929 -1.29950387831324 -1.27411966746518 -0.692821239044628 -0.209061640807739
GS1_SS_16067_17686 0.11025179250544 -0.555418389006128 0.296800933629952 0.682627515486616 1.76055538850884 0.712459467692028 0.868580017567019 0.605064439752545 1.04160534035841 -0.729418222236229 -0.580258461209168 -0.92630910679195 -1.33898444563349 -1.94755627062389
GS1_SS_16223_13673 -0.032768386244875 -1.1879233542487 0.5184956032069 0.946115262648589 1.87578205390315 1.56859957702573 0.863568429655099 -0.666931047650441 -0.910511866319757 -1.39767350365839 -0.919984453712453 -0.692642356287757 -0.25121978378814 0.287093825471049
GS1_SS_16362_19736 -0.366944017665648 0.0950786518972806 0.343980064080174 1.64884364096335 1.97092963596457 1.18094220982977 0.447250616632142 -0.553154021136698 -0.654671096925049 -1.34683297730017 -1.28223120179849 -1.08934875780062 -0.400878407454172 0.00703566071356538
GS1_SS_16383_13320 -0.563961928252844 -1.44328929057736 0.232253375764654 1.38394904087618 1.54285286878864 1.4384048470709 1.215225313486 -0.374705683772846 -0.422019744892846 -0.345245985339639 -0.445230416385675 0.226450707891447 -1.3406267051283 -1.10405639952831
GS1_SS_16656_08703 -0.935533833816806 -0.748245647398474 -0.544834775121017 0.0761094891657043 1.92789934650592 1.90360488836203 1.41992431258827 0.655753174607817 -0.817374423753353 -0.414307277275222 -0.71025794920985 -0.490503532362869 -0.752221104185655 -0.5700126681065
GS1_SS_16658_12448 -0.616287304940655 -0.9268588930086 -0.0102604450381613 0.96130642559917 2.20359277787095 1.75285171200243 0.650734837531225 -0.0880407631118146 -0.270219857935564 -1.36798048491041 -0.408781509373134 -0.917239419041893 -0.656139411374152 -0.306677664269381
GS1_SS_16695_08350 0.0273183878695166 -0.661817886035997 -0.886249239606758 1.48506603853325 1.00425486811871 1.34037382470175 0.642524333539956 0.989468802471697 0.608727612061065 0.0613791462349615 -0.576665990122385 -1.74172875204119 -1.19517239687475 -1.09747874884983
GS1_SS_16699_17141 0.151664395558521 -0.687778002155832 0.0530883038465656 0.259273766754882 1.42491029094604 2.07406991929307 0.950920721041867 0.460788028104723 0.109348804969974 -0.838561640697812 -1.72162481767146 -1.10372102328189 -1.03880506044719 -0.0935736862614657
GS1_SS_16838_01196 -0.948490821325385 -0.432778203608587 0.0198251751265949 1.45234080013586 1.67960398760428 1.67377672638714 1.12076963688066 0.106709639874137 -0.43918819094744 -0.854089189607734 -1.07669056810244 -0.934505394404251 -0.792320220706061 -0.574963377306778
GS1_SS_16844_21676 -0.992281723063557 -0.781468994039538 -0.954675335724796 -0.0759876315595029 2.17280201132278 2.18943560572262 0.404217006766221 -0.828115378334733 0.529692164521511 -0.739523408161689 -0.121549216219926 -0.21014118639297 -0.471939498251271 -0.120464416585154
GS1_SS_17114_01059 0.0207890504719285 -0.325456169457088 -0.669694170719849 0.969199870277495 0.930059106285519 1.74097544745261 1.893524066088 0.311133230545738 -0.364797655315689 -0.497173726355217 -0.900524317339193 -0.647614765391042 -0.849340241349687 -1.61107972519352
GS1_SS_17135_14149 -0.667572819465523 -0.384487461746079 -0.0903007174494018 0.913185333514062 1.88574609329809 1.5923523051855 1.39847451817597 0.214035866003603 -0.203296973681953 -0.715150190510808 -0.953037045737231 -1.00457919770296 -1.11559306347529 -0.869776646407983
GS1_SS_17389_10698 -0.846884549286088 -0.9094485766095 -0.79357999800654 1.26527701315231 2.04482479360203 1.20896938856124 1.14252639154378 -0.283307791156789 0.145380924063232 -0.801838449613231 0.0803143356468833 -0.0956157091865522 -0.769054899295763 -1.38756287341502
GS1_SS_17684_13787 -0.240556767565309 -0.121602770390872 1.06938198674428 1.2181948819949 1.47151392051212 1.16666420305698 0.906602832716106 0.0353972420741746 -0.189989278887917 -1.09057217247576 -1.4951120818949 -1.69738203660447 -0.710112019569667 -0.322427939709659
GS1_SS_17702_12663 -1.03798526406102 -1.49217875689559 0.370438251685894 -0.503291058877035 1.77021853305424 1.56515356054311 0.945298075452639 1.22620319275611 -1.10238583394055 -0.0808148467081284 -0.154172180056429 -0.260094169989865 -0.280431192057085 -0.965958310906284
GS1_SS_17839_02986 -0.541162237402264 -0.242136273925395 0.27246872009558 0.827816001640278 1.68658119050041 2.21267999499253 0.546572738428924 -0.604705254641099 -0.579474938972738 -1.35787690014846 -1.22238076044801 -0.814023429074908 -0.347729817278165 0.163370966233316
GS1_SS_18042_19411 -0.551344019340142 -0.330003361598674 0.478920303480505 1.49304223598968 2.25743189485661 1.15500159181995 0.569412644461894 -0.863746749485757 -0.491522219950556 -1.05175811899588 -0.858998987629441 -1.0565058808522 -0.644400151723942 -0.105529181032037
GS1_SS_18115_12912 -0.114059148056519 -0.577390107383461 0.0212677010845744 1.25523583690644 1.69291003301332 1.39178443667706 1.30123115472391 0.413449653162614 -0.391037202538609 -0.672974127222895 -1.37009066289396 -1.07974521917116 -1.01290827296765 -0.857674075333681
GS1_SS_18248_14979 -0.288101959477856 0.10707846750276 0.237821376780617 0.602807657780596 1.44749713898358 1.9180327088946 0.681791654368242 -0.0465835175050806 0.704363471375043 -0.481525068289985 -0.582403727374228 -1.45732208043017 -1.34793558262798 -1.49552053998014
GS1_SS_18362_06279 -0.520386846437662 -0.321605310226984 0.412943249675613 0.776771499345887 1.80187482294329 1.72207201643535 1.09162984502265 0.194718847879365 -0.2447044239557 -0.890381676610822 -1.29229762938716 -1.23353374459495 -1.09859445359062 -0.398506196498268
GS1_SS_18405_20387 -1.25374115894918 -0.804029621367137 0.5352113375522 1.16660633631739 1.43058700887806 1.11758777872095 0.99661537511138 0.72557423141068 0.521270279887156 -0.727578659978189 -1.53705942762587 -1.14131327455367 -0.916457505762649 -0.113272699641112
GS1_SS_18514_08363 -0.920290806653423 -0.100822371305071 -0.156043217256805 1.44684774457504 2.22722309113387 1.17631762443464 0.269595793194856 0.125412157735414 -0.556858859541738 0.113520723883089 -0.118213593314096 -1.32534277224825 -0.845820702153237 -1.3355248124843
GS1_SS_18573_16684 -0.430729486343263 -0.625013553595978 -0.534993369942228 1.34118678684132 1.48932126627155 2.07673145201216 0.799356440925394 -0.307663918816617 0.168075659353522 -0.0489983278115352 -0.62444380559817 -1.20501701536508 -1.02383715206196 -1.07397497586912
GS1_SS_18576_21874 -0.2600926513154 -0.365344055212752 -0.769418682115521 1.38186415873831 1.98317607652667 1.11306289505354 1.03189887712274 0.79460321609712 -0.65421814053633 -0.869782790309514 -0.91952847871871 -0.380180488597951 -1.24156635631509 -0.844473580417116
GS1_SS_18737_07574 -0.274707417475678 -0.545353258234524 -0.496866218359161 1.42851005596435 2.12407868254002 1.45804307116117 0.80214565902898 -0.0190484799510355 -0.21520059581046 -0.376089409942347 -0.741064582822354 -0.970276044051344 -1.17744794170062 -0.996723520346997
GS1_SS_18751_08335 -0.48676992911422 -0.389347174287969 0.864254450314522 1.16225346507717 1.1608207775062 1.5562425470951 0.84706219946283 0.640755189242535 -0.107537529077329 -0.779038193592972 -1.52833379321252 -1.69739092658748 -0.685999462733902 -0.556971620091959
GS1_SS_18886_17506 -0.345217875480521 0.283671404111574 0.280057097907022 1.85408744998954 1.06074723809031 1.38422764339774 0.00536982636104909 -0.128359503207385 0.91256068370367 -0.394011009241977 -0.897483863536109 -1.1421723935843 -1.43312404305076 -1.44035265545986
GS1_SS_18922_18909 -0.189333256719518 -0.411068963438786 0.533155587674097 1.46536945467302 1.88389560110564 1.64737751393842 0.488808446330244 -0.600468212928161 -1.24257786363604 -1.04578742392269 -1.04855912025668 -0.517317322908435 -0.354711137980972 -0.608783301930133
GS1_SS_19199_11109 -0.702985437567178 -0.528563289612507 0.625529922687567 0.837479260050668 2.10626824843003 0.832458016397427 1.57243076529603 0.0586579418348859 -0.794160651270757 -1.34966876490821 -0.764297465333063 -0.269572827497995 -1.0368717129095 -0.586704005597398
GS1_SS_19205_18889 -0.764634514364379 -0.427474626484775 0.266143863395487 1.77711965722631 2.10973867119507 1.15615514991943 0.611023236923513 -0.803231942606489 -0.838423715415471 -0.891778983867799 -0.921294664288236 -0.867939395835908 -0.288977972204265 -0.116424763592481
GS1_SS_19220_21528 -1.32108012527552 -0.620164508865597 -0.727229012390533 0.507010584244937 1.83089885849862 1.93082572845523 1.41691611153553 -0.561064902919832 0.156981034054077 -0.956489802605265 -0.352189194176248 -0.27550245911812 -0.594183522676879 -0.434728788760406
GS1_SS_19427_00129 -0.34117795733718 0.172196721371658 -0.0493539620476797 0.996239635424566 1.68457784852895 1.63877587617409 0.534294028531321 0.139088438498007 0.535602656312888 -0.281373667719556 -1.12112011515127 -1.57390532757354 -1.48884452177167 -0.844999653240577
GS1_SS_19452_10064 -0.515730492484662 -1.39388592251501 -0.379137805077899 1.26915013578173 2.34520855871134 1.01556737564948 0.89419799538881 0.14095709933808 -0.280707654763408 -0.926759785429288 -0.232326733422386 -0.332425191369327 -0.416674726808002 -1.18743285299945
GS1_SS_19596_14408 -0.142204743200871 0.0682098464017657 0.402643631200658 1.08843195776744 1.54927375051115 1.44973988598767 0.71617530444962 -0.104879544004566 0.432503790557702 -0.232183356730097 -0.698509465409053 -1.469588360486 -1.65870270308061 -1.4009099939648
GS1_SS_19601_00339 -0.314645895594777 0.182399146900638 0.425231148066935 1.39043090033676 1.57537280298257 1.04681103388243 0.691153528794337 -0.34178529905996 0.446023432979778 -0.327197869697424 -1.42309354760624 -2.11471060365446 -0.703023891150969 -0.532964887179619
GS1_SS_19679_19651 -0.70631811813637 0.470981926847996 0.222521058458658 1.38393116418557 1.69884086946973 0.993905382411605 1.05457605957644 0.299081674880954 -0.0958555426634949 -1.0709199970984 -1.58257604118854 -0.941778127133243 -1.18041612398161 -0.545974185629297
GS1_SS_19681_18294 -0.75558640464714 -0.384532660826874 0.75759258934272 1.114524464207 1.13897035791751 1.51438943990037 1.59733086498961 0.404253387786249 -0.489300776729067 -1.14191883203648 -0.976035981858004 -0.982583989101891 -1.10263078857315 -0.694471670370861
GS1_SS_19713_17588 -0.776865338971527 0.661529356716823 -0.713840834834322 0.766038344589909 1.33724777449166 1.44893676916519 1.58934579104048 0.321675701495949 -0.0692357798613955 -1.06007671832226 -1.02258112725329 -1.64883727595842 -0.646029659496824 -0.187307002801981
GS1_SS_19904_14962 -0.0683278659203011 -0.253282144914215 -0.174686083929824 0.541552213750513 1.46568976951859 1.91698328097735 0.733605491801081 0.517466324094006 0.215125024984696 0.167333549192574 -1.65723597620797 -1.39926342120275 -1.31052593299457 -0.694434229149183
GS1_SS_19948_09994 -0.0129238465532059 -0.560960040173569 -0.032782080729407 1.19996052747868 2.29697573889395 1.32567041741705 0.617570177998603 -0.304629717721121 0.0839808006360009 -0.40873322032633 -0.955767663261246 -0.887020067201203 -0.988177244260981 -1.37316378219722
GS1_SS_20115_21508 0.0909775097030254 0.230581423804802 -0.265654328332834 1.75459081941586 1.8087475102312 0.753694941013757 0.982356524456321 -0.699309015528295 -0.248604999742818 -1.28239605330683 -1.21780918500113 0.135907505046126 -1.33835796714936 -0.704724684609829
GS1_SS_20383_12456 -0.276293625216438 -0.234496460169297 -0.151986490488973 0.163759546411955 1.59876268695732 1.81464898755458 0.847596654742188 0.573549204668951 0.653397562424103 -0.089882212234966 -0.769086144251012 -1.59221427666523 -1.53405312718926 -1.00370230654393
GS1_SS_20456_08248 -0.671271981258636 0.416607563360269 -0.525871011526962 0.786766899556686 1.01870772356239 1.31879430326162 0.210593659258525 0.619818557202126 1.52726075384076 0.149980724888454 -0.583681035637146 -1.99564707905556 -1.04843859310477 -1.22362048434775
GS1_SS_20486_10400 -0.0520712852841628 -0.915376055360559 0.0084626973714885 1.40237516644695 1.80241749239634 1.65084270222846 1.03782820275206 -0.16210690827312 -0.436092731513279 -0.894270704830855 -0.992122784559483 -0.963342761109886 -0.975814104604712 -0.510728925659232
GS1_SS_20605_11929 -0.601222402015087 -0.640687858500102 -0.471775704744235 0.723238317622046 1.70277094758014 1.75407604101066 1.69566716541284 -0.549917308584566 -0.366008281364392 -0.0164232678201216 -0.477300868652137 -0.390476864385102 -1.29186789050286 -1.07007202505708
GS1_SS_20645_01924 -0.263246192557196 -0.235003662501701 -0.174774635870387 0.362403169219715 0.978529833542757 1.26258294562828 1.42373628715531 1.15107785578382 0.836096324617351 -0.314766427499929 -0.856827667181759 -0.825085342335525 -1.71305653226477 -1.63166595573597
GS1_SS_20698_16228 -0.649492351104618 -0.369196343170044 -0.32398730963221 0.656144537468042 1.39169551312861 2.02405686973907 1.50754366156931 0.420831517903614 -0.100767706539152 -0.812809984760045 -1.12362209033266 -1.23099354498501 -0.761949822029982 -0.627452947254924
GS1_SS_20989_08676 0.127349170925109 -1.1975779032579 -0.193039235329672 0.189629609807396 1.97275763507475 1.69718047187879 1.70197311819524 -0.815124727205073 -0.590828879595144 -0.697225627820367 -0.518459920216727 -0.445132431575019 -0.412542436623149 -0.818958844258234
GS1_SS_21025_01121 -0.728698472496954 -1.34113232797558 -0.236278829070193 0.577383293208556 1.48519285600343 2.10333261696788 1.56317356430971 -0.247500443192317 -0.269753474587037 -0.573497843282494 -0.297522214618056 -0.249402411687592 -0.909385479548102 -0.875910834031258
GS1_SS_21507_03525 -0.40641868877906 -0.13414913940718 -0.050885466760967 0.867409095458605 1.60826956932347 1.55772612586411 1.10283513472984 0.608041425075035 0.0560538188741048 -0.323022007071112 -0.704625005189297 -1.37246350416156 -1.5280841063917 -1.28068725156429
GS1_SS_21604_16651 -1.13841547662603 -0.350801031996306 -0.661555439459419 0.572213547313774 2.66980579768979 1.49522812662385 0.0117457767106594 0.51431704163761 -0.381876472742617 -0.545022536660751 -0.574618194514381 0.0616884493386596 -0.913118531215272 -0.759591056099567
GS1_SS_21712_14622 -0.372981797226753 -0.416352346563792 -0.0119629302800715 1.0028906794554 1.20465426881658 1.91600025694892 1.44349407331677 -0.109223327202894 0.024975326849128 -0.323230689935558 -1.56743949099613 -1.06561723027731 -1.2354780298677 -0.489728763036594
GS1_SS_21729_12169 -0.968873076358994 -1.2493557492953 -0.0679870326354122 0.421389414404722 1.54028238767049 2.02530477155674 1.35194384194431 0.416124035707001 0.18070085354927 -0.472712391381412 -0.727880743655597 -0.620548024048202 -0.899005551331539 -0.929382736126085
GS1_SS_21888_10104 -0.199716406450131 0.226394154569014 -0.591173397747839 1.30193828147878 2.2619705093171 1.15690667486685 0.544693609788135 -0.394803169326366 -0.439724463409709 -1.27911092999562 -1.36381965598135 -0.822197195890749 -0.706043564046675 0.304685552828556
GS1_SS_22107_17093 -0.386002315797544 0.341112192069656 -0.0128827486745444 0.801428694315793 1.25720073088776 1.74005020876832 0.649189094231098 0.455481244869601 0.464380823481518 -0.335255782435979 -0.291704653058516 -1.69859548468698 -1.26497771827659 -1.71942428569359
GS1_SS_22660_10763 -0.0105660331164767 -0.740243849513159 0.773309317854133 -0.0587968666363937 0.722095133807211 2.0437194172705 1.24020367533044 0.495111881210901 0.545828840169989 -0.370308384164518 -0.583369334301471 -1.50895383530483 -1.08631251064576 -1.46171745196058
GS1_SS_22712_14455 -0.548096369767627 -0.47562478322217 0.736834458568957 0.54005730304818 1.62473137982124 1.46994934895429 1.07759489861713 0.452467471627347 0.562854656431685 -0.774990028968717 -1.03775952323122 -1.40971634159366 -1.2321369573432 -0.986165512942233
GS1_SS_22749_13606 -0.706052764134094 -0.273374827406204 0.739544044369084 1.29015224705381 1.8908157408917 0.853670108198282 0.63943346206277 -0.304409107921161 0.411201356520834 0.0928296826702937 -0.397311728301421 -1.35476933747901 -1.23263442706531 -1.64909444945958
GS1_SS_22753_01285 -0.537716320814766 -0.385134408612765 -0.0466086226983601 0.910585302401647 1.89868810360688 1.83490788307228 1.18974642151077 0.0343431956724759 -0.326260358888521 -0.824236696139422 -0.765362646415177 -1.01557735774322 -1.03029587017428 -0.937078624777557
GS1_SS_22942_15410 0.0653752220102372 -0.338306168693927 -0.185956448908355 0.814998531924304 0.824896727037606 1.93844367728408 1.55736316542195 0.634356471106544 -0.52950630429921 -0.147023548129367 -1.06070944204641 -0.998020872995502 -0.991422076253301 -1.58448893345864
GS1_SS_23217_13390 -0.488661537246328 -0.249631908079542 -0.118852478788288 0.664999856858657 1.93529122519502 1.61246385246976 1.06297045208635 0.127526624608627 0.234609151008345 -0.226278438563247 -0.874680651015679 -1.52651719722051 -1.41661851714383 -0.736620434169346
GS1_SS_23277_13408 -0.593321312111829 -0.260530450868493 -0.0777840241741753 1.33801987105759 2.4662386000704 1.23991389462169 0.278090596230548 -0.121066072601777 0.0373462246432447 -0.426444969840965 -1.16464435135617 -0.794342381475578 -0.794342381475578 -1.12713324271891
GS1_SS_23384_12902 -0.848957549366617 -0.579180813928131 0.17213289014249 1.28169849557497 2.18675593059441 1.36437201127386 0.712701649808746 -0.0380318892394271 0.010992055157459 -0.357557775352859 -0.612540302718912 -1.11438304713674 -1.05926737000415 -1.1187342848051
GS1_SS_23463_16694 -1.1398342627266 0.366352622785124 -0.0741453122563385 1.78266212693189 1.31055895888297 1.75829975982197 0.7281666964851 -0.200566244286175 -0.397769729405634 -0.371761256409913 -0.691105798256115 -1.23432074057182 -1.01703476364554 -0.819502057348918
GS1_SS_23490_08758 -0.714152836313255 -0.800781592007983 0.0979261204795919 0.485392918677828 1.76395459931774 1.63007379506225 1.60251010006847 0.296122213053893 0.135071480875967 -0.619648739191734 -0.854596425091071 -1.03966694862072 -0.96747631887511 -1.01472836743587
GS1_SS_23781_01960 -0.128917880384363 -1.10069070214769 -0.476228392207612 1.19937067450412 2.16965075767795 1.40462223056012 0.819966283006662 -0.671777147431877 -0.137744941243596 -0.633463523634756 -0.241370854126561 -0.373975798826985 -0.20380359962419 -1.62563710612123
GS1_SS_23855_12342 -0.113966998301648 -1.01940521577076 -1.09440700092697 0.0811209784213337 2.30150716031245 1.24814875545193 1.65149168895865 -0.112300291964843 0.0764542006782807 -0.839400931395861 -0.456891827099199 -0.203552463904896 -0.627729226621673 -0.891068827836804
GS1_SS_23886_10808 0.0810536942351338 0.584714171718016 0.979947740853888 0.470457859696436 1.66665149371828 1.29473553928069 0.211632336545511 -0.445807809872538 0.348040382530458 0.0262572996941721 -0.586995966870633 -1.86596713307138 -1.34878243906349 -1.41593716939454
GS1_SS_24006_09259 -0.230651204327961 0.0437315299313549 0.708330655136096 1.14917632648737 1.13363991516222 1.4832091699782 0.917101182317867 0.493733973707392 -0.00158623985270667 -1.33470743412179 -0.731700469564211 -1.9260620901855 -0.659844567185369 -1.04437074748296
GS1_SS_24036_01365 -0.738164827693888 -0.01581433242862 -0.492786802462239 0.484181260960067 1.82770168306175 1.28090250337888 2.02006593741002 -0.293500464315769 -0.676062981801927 -0.994297075019022 -0.992630927934116 -0.183186380503294 -1.16681903226522 -0.0595885603866117
GS1_SS_24089_11969 -0.0327948193927956 0.143638881281269 0.668941485837761 1.3936691514961 1.67056510099591 1.53661543589492 0.553784758825568 -0.707041454546657 -1.11838688133067 -1.26333241446233 -1.22834556163745 -0.938454495374113 -0.625072256499783 -0.0537869310877268
GS1_SS_24205_07257 -0.447779092059339 -0.573863955542099 1.44911547829913 1.11984927429957 1.78882183023039 0.891772196407184 0.81869116088533 0.422768627783414 -0.830852212322248 -0.784273090780846 -1.15529988650718 -1.19384812502421 -0.944890751268438 -0.560211454400654
GS1_SS_24432_14831 -0.290597368098339 -0.133912920276956 0.333224033829933 1.11555977494101 1.86467155102134 1.87038996152577 0.554583704456419 0.00310019540918743 -0.411827670792255 -0.881309173205961 -1.21755171086645 -1.1889596583443 -1.04199650838044 -0.575374211218954
GS1_SS_24551_12899 -0.548032559815612 0.476002064028437 0.125205591562379 0.726929440613599 2.44578197022196 0.947745532008542 0.925162068115878 -0.300492702814349 -1.270327013316 -1.50456771935825 -0.756452838807248 -0.410775284823528 -0.185442500650052 -0.670736046965756
GS1_SS_24629_14833 -0.507897416045881 -0.385250311521299 -0.6148501135051 0.828410444343451 2.57209992763924 1.25381780277675 0.639200307096778 -0.0278119931811888 0.22827362287004 -0.0665072387787936 -1.12798271816899 -0.989785412463258 -0.91768247035592 -0.884034430705828
GS1_SS_24811_14271 -1.10767421766722 -1.3275966293088 -0.372272290908041 0.638788997321464 1.71640881436525 1.40456116187876 1.67800966312624 0.541162064322896 0.137389170991514 -0.812117114191218 -0.617095970322804 -0.834225716419738 -0.26289289040905 -0.782445042779258
GS1_SS_24838_10964 -0.57819807636514 -0.435876516677014 1.12085431583981 1.23448430361477 1.03733627482523 1.59525951480023 0.984498330509873 0.510093131549453 -0.705747737642522 -1.40684476221397 -0.387583771872659 -1.10345269485485 -1.29378292437789 -0.571039387135318
GS1_SS_25020_13193 -0.356724630554983 -0.43024604032635 0.208119741399543 0.370679119095157 1.95451356840496 2.29400336423309 0.802122746124582 -0.571873685211703 -0.289659775182801 -0.818680684019267 -1.12380494836786 -0.509390900703459 -0.829094481437307 -0.699963393453603
GS1_SS_25084_10723 -0.0739302339274535 -0.369315855885481 0.505736966131378 1.05759891815749 1.65071735833604 1.80057681201891 0.89510071536884 -0.200859385661252 -1.40244331850396 -1.30494439683077 -1.10633548231132 -0.663076495815623 -0.518633648892382 -0.270191952184407
GS1_SS_25089_11678 -0.0787273200719492 -0.00430545922431596 -0.143965206602215 1.1109668242583 1.72323177874947 1.28831253521436 0.944177405621052 0.278286486150314 0.375193249637019 -0.377259266847987 -1.0931870119099 -1.75084402337196 -1.22619629512695 -1.04568369647524
GS1_SS_25119_17829 -0.892569797301042 -0.265618340800019 -0.31682148117714 1.09815319404262 2.02118738380058 1.79387299378556 0.708848599830028 0.448355493292613 -0.532081320206515 -0.439089069745825 -0.704289191430015 -0.915530846797509 -1.02229972695608 -0.982117890337263
GS1_SS_25290_14289 -0.173791801412467 0.150756725564101 0.642524069251805 1.10283210787062 1.46222480185387 1.31853409410249 1.20371426758521 -0.015499728439233 -0.608514265972082 -1.59742491054281 -1.53769205281706 -1.0963326040657 -0.691476568368955 -0.159854134609792
GS1_SS_25325_16089 -0.528704474659265 0.0118656047613212 -0.393173135388177 0.558656794836974 1.85309217613756 1.93752153502775 0.67922784419945 -0.077673952166955 0.236344014231632 0.226864226566769 -0.589434364387293 -1.42335943553071 -1.16044344951303 -1.33078338411603
GS1_SS_25447_13585 0.0124306281138988 -1.06542704896608 -0.284413963632394 1.12796771511227 1.74264289906573 1.19474135294233 0.901414301046009 0.599144351226023 -0.154622705100223 -1.87326882807078 -1.34861881654891 -0.473407206419249 0.148481915192638 -0.527064593961258
GS1_SS_25559_06386 0.0573750135016029 -0.049568185802804 0.125956185305952 0.497814517912646 1.94272390276153 2.08658150588675 0.591005292264202 -0.44314087359821 -0.0316538427721166 -0.460331404789274 -0.885570860568219 -1.36600096911847 -1.20766712920078 -0.857523151782799
GS1_SS_25697_04120 -0.976374727172648 -0.16296806254714 0.177183815387163 1.19848454702345 1.83991380255671 1.61596287671176 1.26841639273541 -0.310860183388142 -0.957360025921662 -0.87496298716739 -0.824257117164761 -0.547487576733744 -0.991163939256748 -0.454526815062257
GS1_SS_25732_02011 -0.307477201675358 -0.0613762962459351 0.630976190801738 1.12526302322047 1.8835044702727 1.62145258023211 0.811940111215419 -0.392359226927636 -0.839556474062119 -1.26111821021437 -1.05033734213824 -1.05603412235652 -0.800818368577858 -0.304059133544394
GS1_SS_25843_10256 0.0377758328573008 -0.51031942123834 1.09728157645228 1.00608781135412 1.55014152358745 1.71180319807964 0.549082693078116 0.246236489529411 -1.47479711642989 -1.05095336728049 -0.708976748162398 -0.857166616446906 -0.664416158398524 -0.931779696981764
GS1_SS_25853_14881 -0.531349105486065 -0.772076526159127 -0.207241237429037 0.403318812769679 1.6479737168642 1.95594343381465 1.60695591613499 0.235757734676047 -0.125878058933393 -0.577746289917465 -0.700127269142318 -0.854784550580319 -1.01482121572051 -1.06592536089133
GS1_SS_25854_01380 -0.326945370762039 -0.0951892299671315 -0.277591800406425 0.624447517780677 1.77675056564604 1.95977005571478 1.07037758993131 0.0374484903635833 0.188799439454135 -0.627179590425363 -0.821509273700596 -1.02303635265269 -1.36851134514199 -1.11763069583429
GS1_SS_26041_15157 -0.376622806441168 -0.452556190757222 0.327659333090227 0.888617209725072 2.21934976986391 1.84063201558759 0.400365548572848 -1.48145354823975 -0.499065388650804 -0.66327133223427 -0.587337947918216 -0.778120576012301 -0.639542149635503 -0.198653936950418
GS1_SS_26218_09057 -0.50042525601382 -0.395912514209869 -0.429588842124476 1.13694103224807 1.43364109370262 1.07481401350905 1.15842420695221 0.713083801598715 0.819338422432731 -0.111289480697111 -0.886541774345081 -1.00498954838956 -1.66574232712787 -1.34175282753562
GS1_SS_33513_19414 -0.791010222223792 -0.440894380423174 0.267723311364904 0.943845221428972 1.64931816014698 1.44910221468615 1.41450993091543 0.46060149966225 -0.749080181289586 -1.44197410772734 -1.11387153741718 -0.936717114470157 -0.649496334070847 -0.0620564605826245
