V3 V4 V5 V6 V7 V8 V9 V10 V11 V12 V13 V14 V15 V16
GS1_SS_01521_10425 0.825743551276428 1.73235711233287 1.77653085892727 0.894458268201046 0.339131168157192 -0.267591735463953 -0.555562493024572 -0.486146605519091 -1.32614896139351 -1.04708307020985 -1.16978792186096 -1.04497955846726 -0.195861985041622 0.524941372086007
GS1_SS_02240_16896 0.606600777769768 1.2546634894285 1.59124699247077 1.67957691730231 0.985024771521713 0.0887084816522416 -0.840150412102532 -0.821554638453788 -0.829922736595723 -0.965671884231555 -1.03261666936703 -1.151629620719 -0.576090426290364 0.0118149576146843
GS1_SS_03855_09826 0.0387197420658237 1.22101428885434 0.666257750484354 2.12673924945841 1.0803034467605 0.589821033273375 -0.31160173376782 -0.103931939229316 -0.493393672289064 -1.08858436068602 -1.5382121089859 -1.2648772548036 -0.68262549441527 -0.239628946719818
GS1_SS_03996_21860 -0.193893451225073 0.595001562248865 1.7669325576327 2.08580316565779 0.616520437637062 0.433740414263988 -0.666656622632418 -0.652962792839929 -0.166505791640096 -1.07616734214112 -1.36373776778339 -1.12898639991215 -0.540151718835142 0.291063749568916
GS1_SS_08686_07485 0.834123019095694 1.58525903106211 1.63564010503547 1.36694104384423 0.356266165954456 0.433059136283543 -0.365862560997 -0.787536883161888 -1.16279954930283 -1.34295005623787 -1.08799128794846 -0.707843184331304 -0.540058941007911 -0.216246038288242
GS1_SS_09013_20374 0.435315892770026 1.28240482164364 1.53871329974743 1.72406033969852 0.459463964260796 0.227515382836289 -0.312215197501285 -0.432320079389592 -0.38360028603102 -1.37600129422629 -1.15993960194044 -1.38235604988175 -0.938582279941713 0.31754108795539
GS1_SS_09858_12618 0.421336619962468 2.37915687490446 1.40130924033593 0.956124714203134 -0.719780757284835 -0.288408638884085 -0.748113901350565 -0.528532034841153 -0.93121684487535 -1.03109117770705 -0.96379996055094 -0.773613731009723 0.263981421107416 0.562648175990299
GS1_SS_10790_12934 0.384268506173209 1.3761127512846 2.1677435707071 1.08789764712592 0.961083001296106 -0.423630454684022 -0.658301597270109 -1.40612372086049 -0.947541466243571 -0.199463151449496 -0.158600654459889 -0.791521023192341 -0.742460407684442 -0.649463000742576
GS1_SS_11829_20861 0.463542421396873 1.78887824955115 1.38458388581116 1.29087327169924 1.12085544323904 -0.131519978213809 -0.656968778769923 -1.2406520323813 -0.835018945582568 -1.05523888874558 -0.963670231527645 -0.588693902774097 -0.790841084644092 0.213870570941548
GS1_SS_11851_12611 1.00344548233198 1.7196719940376 2.07535736341005 1.0422916660177 -0.0903173770693189 -0.518717946528494 -0.800352778250026 -0.938863701954452 -0.600901903888614 -1.21685670395545 -0.245702111812233 -0.884236256146396 -0.345245457506912 -0.19957226868543
GS1_SS_11932_01086 0.650961080549009 0.846353258119016 2.06276534397152 1.76584585844846 0.426068515385098 -0.105455675892844 -0.485570085649869 -0.408371019413876 -0.521583545829439 -1.02328169588419 -1.20468992349086 -1.04052218214037 -1.01753486713213 0.0550149389604853
GS1_SS_12176_11164 0.702089143104516 1.63994236650682 2.14081782427993 0.16387475974475 0.0909386359863088 0.512457282548445 -0.438793844045325 -0.892261336679408 -1.62502358045857 -0.376957367777041 -1.021087328905 -0.955128420885497 -0.293478124814857 0.352609991394931
GS1_SS_12292_08413 0.153007832235488 0.948319671505439 1.67336899865944 0.715107929163123 0.414474074130816 0.789855282477968 1.14565268425663 -1.06970937328875 -1.28214135140954 -1.36585838712216 -1.00408119707831 -1.13115169771355 -0.591774796193628 0.604930330377041
GS1_SS_12350_05383 0.739810317082747 1.59936836941274 1.90437283959435 1.15572550369403 0.894293100681225 -0.360054287511544 -0.729888712177643 -1.24205855626183 -0.431354033787764 -0.630993323361182 -0.770688011435703 -1.1060608920683 -0.551507309919914 -0.47096500394122
GS1_SS_13008_08348 0.202969264791991 1.67246396710882 1.51882773875175 0.972583283318487 0.488748570388817 -1.56663351053321 -1.66215862661014 -1.47270047972422 -0.088796281412324 -0.219729373848441 0.323967745156107 -0.296945509343963 0.179167590036155 -0.0517643780798327
GS1_SS_13659_02941 0.352705968295848 1.00228892930038 1.7138515521701 1.7228777165194 0.741432779605648 0.454099881152971 -0.464462777460666 -1.1925733683041 -0.983467227545345 -1.44380160935958 -0.629761933910824 -1.03611985291625 -0.222260700754483 -0.0148093567930995
GS1_SS_14002_13187 0.345340187995547 1.15875625831855 1.57047164275017 1.73181956367607 0.609060582888231 0.225163805512805 -0.592747751710481 -0.255652998846389 -0.138703574782165 -1.31565320211547 -0.471080291889527 -1.76553571542818 -1.06951416688229 -0.0317243394868794
GS1_SS_14114_16033 0.0117937827692516 2.22001180858927 1.0416989140281 1.56373627237799 0.717289984196385 -0.416276851077656 -0.966653380309394 -0.436412577756866 -1.00543329835824 -1.36824926241141 -0.748143457457227 0.0602686803303125 -0.50278589903278 -0.17084471588773
GS1_SS_14141_13932 0.699009874073019 1.80527597527697 1.78670927148054 0.681990395592958 -0.572499890919154 -0.371917600905057 -0.577915179526446 -0.926659765836054 -0.312720760300773 -0.843573766347031 -1.18411805847988 -1.40057488023993 0.502512258894136 0.71448212723671
GS1_SS_15511_14746 0.0829283009559141 1.36311289241483 1.32157106920019 1.93003659746168 -0.00886691016514157 -0.368606881020624 -0.0884072834378785 -0.436625507442948 -0.668770990112994 -0.803171006395652 -1.15872014037978 -1.80994931018575 -0.129949106652518 0.775418275760662
GS1_SS_15566_17461 0.308535301649035 1.73700119345496 1.72802841775266 1.24888219524992 0.938424155950389 -0.744868565800808 -0.941192898167099 -1.01943550229114 -1.13967069670194 -1.05460878304415 -0.131130707763591 -0.698210132148856 0.0232010343159432 -0.25495501245531
GS1_SS_16185_00711 -0.323968640662861 1.9921023710943 1.5555030848298 1.1277239861666 0.405571126309916 -0.389899542982601 -1.30223769799238 -1.13024403976697 -0.497395579373482 -0.573249192744688 -0.958250381541565 -0.725617933557198 -0.132460317369569 0.952422757590704
GS1_SS_16891_15560 0.381828284629957 1.19276581330244 1.43748777376822 1.51643034166041 1.14145314417252 0.677665557805925 -0.470948805025386 -0.463843973915089 -0.546141600942693 -1.27221586913108 -0.993943317311121 -1.51101713700494 -0.750997564622917 -0.338522647386243
GS1_SS_18022_13080 1.09643199445192 1.51036197904361 1.38335417345062 0.929012614352074 -0.444980918881141 -0.851983204985938 -0.742871953817418 -0.949548292009641 -0.745181186646382 -0.940311360693788 -0.821385870002173 -1.23358392997214 0.696357406834013 1.11432854887639
GS1_SS_18765_13212 0.342788772151945 1.25531594602093 1.74911162187075 1.68881910955697 0.857385364750015 0.295459149985632 -0.494433053837134 -1.06654870318255 -0.935713951461654 -1.05871067658175 -0.912199871659281 -0.925464224368312 -0.705396554423033 -0.090412928822528
GS1_SS_19248_13036 -0.0270470346425642 0.513990821787051 1.98156152914852 1.96052611528285 0.687883576409911 0.120628582499051 -0.499214946075981 -0.831574485153543 -0.936050374019697 -1.07137820322216 -0.692740753640131 -1.31398664313954 -0.33366623895317 0.441068053719401
GS1_SS_19280_02635 0.712804692417195 1.58566148198144 1.24866493157669 1.28200734645773 1.04980124282195 -0.366060589090592 -1.423491461032 -0.739019315545601 -1.33418142117208 -0.973368860138021 -0.774505171383275 -0.635181509201805 -0.106585153284248 0.47345378559262
GS1_SS_19300_04887 1.20719146149049 1.5394853733735 1.66674687154146 0.6592600110451 0.531998512877139 -0.806898499098289 -1.68447258021486 -1.61200422709143 -0.445617245965909 -0.557501313105242 -0.164404685430872 -0.00850935017511965 -0.146729477351989 -0.178544851893979
GS1_SS_19486_11732 1.01708817873414 2.04217305130579 1.19765868474269 1.11987446676978 -0.228848312724912 -0.285797472312226 -0.458033954966542 -0.663328730259349 -1.02891455473206 -1.60257316228232 -1.00502368778323 -0.445810720713655 -0.292186890217144 0.633723104439044
GS1_SS_20672_01501 0.70603972628481 0.94933048991319 1.77912577300284 2.08649758597977 0.325137624479127 -0.254307118359002 -0.227805803035196 -0.536480959388704 -0.583184097049509 -1.30110907364933 -0.701679732370296 -1.11103816456466 -0.271467806150647 -0.859058445092405
GS1_SS_20724_12658 0.913263910668371 2.07489736950155 0.806386624109059 0.718782290863721 0.527804844388885 -1.63341157764024 -1.05432941402191 -1.85678510654921 -0.0363670617110895 0.100295698151637 0.0529893581991549 -0.0433754083707165 -0.216656779529994 -0.353494748059212
GS1_SS_22376_14351 0.677862951787035 1.19286205961736 1.58990047794464 1.04900756022341 1.18135369966584 -0.533391933109975 -1.12031829063727 -1.56540411176213 -0.086292148993596 0.0564115144051967 -0.763559132140285 -1.0173184690712 -1.12319538062515 0.462081202696119
GS1_SS_22422_11117 1.52782140804778 1.2160305242565 1.9041207505545 0.497406294166531 0.133363558815748 -0.91554397989726 -1.53633038093548 -1.59008742986501 0.0297199684796121 -0.0526358304804293 -0.298628086381963 -0.667616470234263 -0.128540783568927 -0.11907954295733
GS1_SS_22533_09070 0.165404957637117 1.59406975071516 1.32226227118767 1.44513414549462 0.737690020697048 0.76431226013022 -0.208144157206654 -0.377837662404809 -0.459938414782633 -1.38650404876093 -1.51496100826365 -1.20033454223525 -0.546134896304021 -0.335018675903903
GS1_SS_22598_13439 0.66050885824791 1.7413054607279 1.89534422883837 1.31201709058398 0.51657099296436 -0.311703038842736 -0.655133734957873 -1.14250229635656 -0.446550091582062 -0.889474680542319 -0.644275264418938 -0.786445471707778 -1.02129146243357 -0.22837059052068
GS1_SS_24553_21252 0.653396664867731 1.96710999587796 1.51504551469538 0.792249570027595 0.248947951618974 -0.503076846600731 -1.22840891739016 -1.54479065106492 -0.701528715619167 -0.866376913525856 -0.752885269582405 -0.50180878353991 0.256683136289981 0.665443263945527
