V3 V4 V5 V6 V7 V8 V9 V10 V11 V12 V13 V14 V15 V16
GS1_SS_00041_12635 0.910093262717919 0.2801103463569 0.946848853195695 1.13457901961444 0.383263132536464 -0.575148769706617 -0.821766925170404 -1.06680419502224 -1.52130880845711 -1.84934257293618 -0.557759027975196 0.919420487828408 0.714853889642421 1.1029613073755
GS1_SS_00153_20534 0.655626584753249 1.03955153214847 0.513645756567747 0.185194943202448 -1.50154828061834 -1.96566356037366 -0.89188205514095 -1.26537127435233 -0.345654072044311 0.085780901030008 0.30438194403902 1.28314339791354 0.953044837992897 0.949749344882208
GS1_SS_00204_10283 0.822567924293409 1.23507471616511 0.727913391314351 0.781083530209995 1.05897054184481 0.567818687386808 -1.63494420971844 -1.43278082446687 -0.561024261474554 -1.80672465845821 -0.382232365847444 0.326624914462392 0.702087895279324 -0.40443528099068
GS1_SS_00240_19339 0.678696698611231 1.13881027709667 1.38928630798815 1.0761912693738 -0.982068288821408 -1.56741988275258 -0.65427139621995 -1.09913860760764 -1.28155049966992 -0.918360254877271 0.858386025120336 0.0497840558293625 0.58013982558654 0.731514470342695
GS1_SS_00249_14079 0.737811727984096 1.04491531272667 1.9770395734594 0.880550013850361 0.095597576650952 -0.498820875930003 -0.700384637183578 -1.76443367727756 -1.31675450796972 -1.02046442973217 -0.327102392630284 -0.365382205658055 0.705371208469035 0.55205731324086
GS1_SS_00324_15487 1.10437584431404 0.872956362326492 1.73131225915304 1.68923598970076 -0.283089140874952 -0.82902873701831 -1.29607532793864 -1.29186770099341 -0.730149503805447 -1.09831686151291 -0.252583845522048 -0.193045924247069 0.437551126034279 0.138725460384173
GS1_SS_00465_21240 0.0346190222061054 0.737764883438509 1.09683466137054 0.298469103061798 -0.517421552868351 -1.69939202577909 -0.566102379594494 -2.13167776710724 -0.710976519931494 0.229147605803771 0.547714935899648 0.465931146999729 0.553556635106785 1.66153225139379
GS1_SS_00521_21419 0.55051410377453 1.20539585619541 1.15399226495359 0.925246283927453 -0.167080029961383 -1.26968706209858 -0.783923124863314 -1.8608283613796 -1.01266910588945 -1.28510813947113 0.686219584652955 0.478035040123553 0.617595790345115 0.76229689969086
GS1_SS_00850_09555 1.4786269711254 0.569617105349869 1.49345987619653 1.0756663833598 -0.800992766239119 -0.484260799953665 -0.51632459641575 -1.91563613931737 -1.21230922386146 -0.895873915677424 0.346381884029416 0.110291478313987 0.924617966718829 -0.173264223629047
GS1_SS_00907_15275 0.739580247373921 1.36444549246341 0.308107903608783 1.49593960457951 0.5320070657788 -0.563466230796796 -1.04554911434411 -1.87724121048816 -1.22070356308337 -0.441487833072922 -1.0609421817433 0.284785074216073 0.588681541203086 0.895843204305079
GS1_SS_00940_09958 1.21463282249254 1.85145484290655 0.691423627777979 0.220151724811731 -0.547398819718771 -1.91990077381772 -0.752197004226333 -1.31790034673497 -0.733605814566424 -0.32725552628557 -0.44440953096785 0.768149172406173 0.584480022496221 0.712375603426447
GS1_SS_01011_06214 1.03744865312397 0.583635775644337 0.398328850673489 0.0263913798391427 -1.21365230787394 -1.71190102960679 -1.17867089856822 -1.11248985393578 -0.709730925172605 -0.0327933829321589 0.479636991221922 1.83162118871332 0.901304789880077 0.700870768993241
GS1_SS_01076_00366 0.618920733103741 2.01863377566143 1.34397534051458 1.0038011777327 -0.755187802577894 -1.3140163256664 -0.228060097526406 -0.403633858962214 -1.40749309680121 -0.331290966518756 -1.35872260751348 0.110081961535149 0.251109959725486 0.451881807293284
GS1_SS_01148_08472 1.18436755749735 0.8631999672788 0.384576837699856 0.827051234180608 -0.376284477222661 -0.809721690428865 -1.31232811408257 -1.15973875033155 -1.19032613987617 -1.37489322906021 -0.226128201276326 0.546550968697523 1.36789189476509 1.27578214215912
GS1_SS_01180_01185 1.56010851410257 1.13927591255432 0.629669134475074 1.04527972563916 0.610931332508327 -0.378178869670792 -0.866590429131909 -1.83112646479726 -1.36421730103569 -1.31506896800816 0.275493959595408 -0.281110911941412 0.625061478253743 0.150472887456619
GS1_SS_01181_15550 1.30980976298377 0.684668982426525 0.284442571130941 1.09057504951155 -0.156677361848582 -1.12184020233339 -1.22975366233268 -1.4406582139804 -1.10252937264931 0.061421420465757 -1.16462694261381 0.867932542565658 1.46240318185995 0.454832244814018
GS1_SS_01304_15041 0.838819020538492 0.959524425013653 1.91692070771416 1.2684103047886 -0.642633645566592 -1.06472769972507 -1.01074764306538 -1.57678851498306 -1.08646966699079 -0.641134199548267 -0.0698452665664479 0.350944269556092 0.254035073391748 0.503692835442858
GS1_SS_01320_21007 1.24743015716344 0.732754145580852 0.946863702795304 -0.131543801200018 0.166583430364409 -2.69543799265409 -1.04218698125136 -0.65733182777728 -0.744059749686932 0.27770358031115 0.966106460469008 -0.155936029237108 0.557130103713808 0.531924801408815
GS1_SS_01381_18087 1.7176777292489 -0.21223747540001 0.161662221661327 0.878303307695557 -1.02083356823185 -1.87958693749874 -0.910639551821492 -1.30923790773343 -0.705450693678075 0.847524978974045 0.198900199620688 0.833465742397551 0.981163722324118 0.419288232441395
GS1_SS_01450_18230 0.980000147281155 1.24935040477012 0.917251355124453 0.961218195887312 -1.27767578276506 -1.35664535112553 -0.882187647165169 -1.03222982705007 -0.760104963105192 -0.348609482567369 -0.861484814378775 -0.0128821014024326 1.11915733260826 1.3048425338883
GS1_SS_01549_09541 0.708102886278449 1.26233776716415 1.07436299987075 0.512376582189442 -0.667794894941307 -1.41969396411492 -0.925533493395149 -0.989483671958884 -0.270528634166589 -0.785812042654382 -0.91003041980394 -0.433310906874278 0.954795544798555 1.8902122476081
GS1_SS_01633_15935 0.424829544446016 0.98089441624064 1.42858267418303 0.661803859237403 -0.00401975123262753 -0.906006429315223 -1.60908731762744 -2.21902501133419 0.0329370646914762 -0.66864151403033 0.821048675820939 -0.223957875268757 0.8015186511456 0.47912301304346
GS1_SS_01698_11467 1.19157329228251 1.43126078552172 0.695948306262457 0.145378009292224 -0.854301650010118 -1.31702038695835 -0.937379772666759 -1.23780163919285 -0.530114159154375 -0.880504774271015 -0.294773540792556 -0.187442293820016 1.14079204371489 1.63438577979224
GS1_SS_01740_06101 0.936569892377015 1.25181201623287 1.13548650927499 1.20179204824098 -1.24802312829195 -1.56489380924522 -0.776904825112544 -1.29804309628384 -1.18404409946512 -0.368602295690388 0.36424839814425 0.471267864545499 0.378207458979196 0.701127066294268
GS1_SS_01813_10587 0.285795118935688 0.632478290733311 0.622767277517691 1.06364727750682 -0.428935453733922 -2.74695430830234 -0.980326784116808 -0.382322590298947 -0.963818061650255 0.198590220259423 0.376107541840951 0.366396528625331 0.933713920681833 1.02286102200122
GS1_SS_01889_16710 0.423007336387174 1.06786256835729 1.49073978867667 1.14332988767582 0.924734893787649 -0.329583999713538 -0.273113626292427 -1.44467870067881 -1.55137387626708 -0.772759326608252 -1.26121504509409 -0.584611492583074 0.13232804094302 1.03533355140964
GS1_SS_01996_09312 1.41708559212939 0.792614094628325 1.22950670124504 0.873344250198805 -1.07130273251365 -1.24226070901584 -0.990572576943166 -0.907468005032378 -1.06180506715241 -0.508566059860593 -0.802993686058815 0.00881926069257344 1.11316030056994 1.15043863711278
GS1_SS_02008_10627 0.933082310585913 -0.26643701048721 0.459525179115109 1.44801244097214 0.700321985752369 0.168128301861862 -1.79634502793531 -1.76658028051414 -0.754578868194386 -1.16533238260652 -0.196787501521673 0.341954426801491 0.895281081361028 0.999755344809332
GS1_SS_02103_17384 0.770408741503107 0.944981761937391 1.21898047612895 1.12591340232127 0.877927224287136 -0.203038167143697 -1.38863175956329 -1.66031824831863 -1.28458161493358 -1.1400675251701 -0.565479504270505 -0.0550557392258928 0.49664124985517 0.86231970259268
GS1_SS_02122_15843 0.930306606461239 0.531209227052073 1.44708223590681 0.971325882188213 -1.39064470782812 -0.565047727929887 -1.78066405080591 -1.29145875422601 -0.590096384009064 -0.642211037596613 0.900718932166372 0.858186650367501 0.643507899943953 -0.0222147716905451
GS1_SS_02129_08714 0.792915259499604 1.22850943395151 1.51552885122602 1.3365638028078 -0.459840079427975 -1.35804202054586 -1.06089250619107 -1.36648376811276 -1.2229740594755 -0.260192749470851 -0.620233283199026 0.339424580205874 0.673042444049661 0.462674094682577
GS1_SS_02214_03490 0.783685308767594 0.721056095622814 1.46843137248385 1.17365654261576 -0.855112435187474 -1.2747281632575 -0.969932659286236 -0.757619626725433 -1.10354164732843 -0.782045019851897 -0.844674232996677 0.0258718297157602 1.23670328384817 1.17824935157971
GS1_SS_02243_12732 0.801556487481238 1.00968414680191 1.6880066572048 0.738934005915727 -0.280128477711268 -0.570875713551141 -0.842678333119095 -0.853992478948158 -1.80096017287368 -1.55889007606582 1.13282415256938 0.326362362660595 0.0232485023098851 0.186908937325633
GS1_SS_02395_02574 0.808031635805795 1.12539572337154 1.14033050396287 0.794963702788382 -1.02147898663205 -1.16149255467577 -0.674245337883646 -1.90263104152049 -1.02521268177989 -0.717182832083718 0.914441947519017 0.134566373515536 0.847422119615427 0.737091427996981
GS1_SS_02397_07742 1.54733163003471 1.55008761432275 0.810767269214904 -0.155039864683525 -0.324808496826384 -1.94174447861559 -0.602060516202545 -1.0598295064449 -1.19762872084657 -0.538672877577777 0.0228313612661511 0.309619086278908 1.00440272529213 0.574744774787722
GS1_SS_02400_12430 1.20622921193925 1.07857713755865 1.14240317474895 0.0101679574398397 -0.132183446717916 -2.03149158371406 -1.15340004176269 -0.838138100489397 -1.14759767474539 -0.536221603355895 -0.197943606247314 0.873753581847965 0.825207111136557 0.900637882361455
GS1_SS_02473_16490 0.655891822419301 0.302738801375277 0.757285167536735 1.23991749029572 0.726867164001505 0.108367758785155 -1.21582932844854 -2.07767276194673 -1.77349272659443 -0.775782210638873 0.137163468798506 0.499340497557982 0.619390218177024 0.79581463868136
GS1_SS_02495_03884 0.391789805252896 1.60853731429411 1.42543819369837 0.739355018289631 -0.642504815382918 -1.40182763902995 -0.612885839992431 -1.60916046676337 -0.582459074364022 -0.294077959425732 -0.97908408118391 -0.0194292785321235 0.990039255458209 0.986269567681238
GS1_SS_02504_09758 1.04892832528072 1.28128260428703 1.37497384582183 0.4905285257333 -1.09097963137415 -1.05350313476023 -0.942947469749166 -1.24838091715262 -1.16780644943269 -0.806158257108355 -0.305472262346375 0.344164068207633 1.04705450045002 1.02831625214306
GS1_SS_03061_09330 0.659113495329617 0.895270511850828 1.19340113906945 1.13706149298089 -0.252415028678194 -0.524958066631599 -0.635055125029658 -1.58836888655315 -1.76208279532621 -0.28387133107764 -0.985065176354831 -0.108373333511778 0.939872731670937 1.31547037226133
GS1_SS_03109_09510 1.4145218978102 1.32801691977736 -0.183348624996389 0.417243079631609 -1.54054994106161 -1.37526364374886 -1.53746047756044 -0.497392589890606 -0.468815052504758 -0.400537909128838 0.0468164058409868 0.815165978582668 0.724644697998305 1.25695925925038
GS1_SS_03170_08424 0.758280422633868 1.25896318973183 1.17914419787563 0.486653974589902 -1.07634701139417 -0.70748651872538 -1.40892614412832 -1.73787714086901 -1.11625650732227 -0.469722673287073 0.67967080944216 0.850193201134943 0.498264009768985 0.805446190548894
GS1_SS_03209_12288 1.13790715481191 1.18664782371654 1.09479040924243 0.744857401722021 -0.894828690659341 -1.56157604605984 -1.04292533848494 -1.38660954229964 -1.19289662742226 -0.300567458245212 -0.0456162670517681 0.553644008326939 0.767353095062619 0.939820077340537
GS1_SS_03776_15328 1.18298940427504 1.11927979756061 0.670055829449579 1.2505663673076 -0.660111198917248 -1.78062680582764 -0.604136304839073 -1.01122644358944 -0.262384133358139 -0.471832009745203 -0.646880769407861 -1.00512009150819 1.39060537503773 0.828820983562222
GS1_SS_03832_13719 1.36716841960441 0.81790683459723 1.29675026768041 1.10556498520676 -0.714392151268954 -1.2066150332177 -0.789739573827631 -1.70095045972416 -0.625313189085097 -1.17703940940962 0.877762263732628 -0.210198183493132 0.588695750084618 0.370399479120226
GS1_SS_03856_13861 0.620956198752722 1.32428513796742 1.31888131042026 1.3671000793026 -1.08000244147574 -0.566638824495741 -0.434868568153507 -1.40049098292641 -1.25001516969017 -0.588669813726461 -0.499714498719401 -0.446382877619374 1.49554490330812 0.140015547055672
GS1_SS_03864_19176 0.459945553852318 1.27495048153583 0.824644972188721 0.937330540968113 -1.33385146543823 -0.0611160103097532 -0.72237938679037 -1.21330411279051 -1.60333594581375 -0.548109844375729 -0.477790555331225 -0.232764958101617 1.4898392406035 1.20594148980271
GS1_SS_04042_08798 0.598224759617707 0.631771644781437 1.50281357534846 1.12222318226287 -0.482141887146388 -1.04243372356517 -1.49286441558812 -0.887843398951027 -0.40759325344921 -1.37123243429273 -0.710103761767757 0.218222908377095 0.939775210319775 1.38118159405306
GS1_SS_04057_19683 0.868779612396324 1.02226645090235 0.937488065247742 0.859542564407091 0.77678873721588 -0.123127499762545 -1.2492881450252 -1.47705097215697 -1.36823095474957 -1.22398116423278 -0.975972752467071 0.023652988833486 0.827655768608643 1.10147730078262
GS1_SS_04084_11624 0.962925544699659 1.18660679403493 1.65496203131622 1.01214989730418 -0.779471759992877 -1.08712396377116 -1.07192232546682 -1.46064993353491 -1.26954362342322 -0.730971294926654 0.394673827132712 0.569130723863456 0.387073007980543 0.232161074783948
GS1_SS_04156_10152 0.887191144871568 1.35127402871102 1.53188360463822 0.370001869170081 -0.438076471865823 -0.446449101213442 -1.2693589570937 -1.73224575102634 -1.24304497914404 -0.787334724652211 -0.379468066432491 0.792700042234155 0.55108988106001 0.811837480742998
GS1_SS_04474_08617 1.13698854999531 1.17508935988188 1.00720766631917 0.452721817438627 -0.202493047579542 -0.938910263668472 -1.16632447267896 -1.48184680455215 -1.54733257154469 -0.968676521392357 0.273731356493358 0.223402567933812 0.797653211943013 1.238789151411
GS1_SS_04633_07348 0.448257281185552 1.12331240501712 1.97722171727458 1.52583042809411 -0.0419580519670098 -0.549361398928998 -0.96615700536206 -1.46587242282462 -1.36153623676101 -0.751993255020961 -0.269850247842795 -0.363203677478658 0.192523797765424 0.502786666849324
GS1_SS_04884_04272 1.3255639059802 0.926933262036117 0.905090487025482 0.787958606030954 -0.490662836154067 -0.431687343625354 -0.881921543532059 -1.55222170167091 -0.967927470136433 -1.29693426873412 -0.790454923175027 0.011720989090528 1.03614713708929 1.41839569977539
GS1_SS_04922_18207 0.885494796264937 0.887874660115282 1.03520986757758 0.632363823091819 0.259590603624056 -0.0383250801873829 -2.03741071447765 -1.21743944240404 -2.08500799148456 -0.0967399201504102 0.374905824736254 0.338126110685459 0.33163557291179 0.729721889696864
GS1_SS_05099_06239 0.91925808954671 1.36350960149746 1.48707624720561 0.730966057991427 -1.08722887171427 -1.48734943876925 -0.800083523592467 -1.1975562339537 -0.994553887433158 -0.0886926918726642 -0.762130910982106 0.210662217670305 0.897192617098825 0.808930727307286
GS1_SS_05492_06942 0.780247900269111 1.01318184477257 1.06775494034195 0.832158893615596 -1.23230138024079 -1.45458691585266 -1.04861632686091 -1.48786319363887 -1.07656840020133 -0.244661455546114 0.584583386886204 0.300204316925266 0.991885026989398 0.974581362540569
GS1_SS_05899_00214 0.721965590446577 0.518648104553476 1.3035708986504 -0.0394974937396041 -1.00525555173183 -0.190030632333535 -0.77065845262441 -1.59272578741334 -2.10883940544968 0.137427818503912 0.562635060636118 0.564101292505539 1.41207205698758 0.486586501008795
GS1_SS_06065_05186 0.471862456827426 0.98563625225427 0.158351672569451 0.763436626443443 0.533056471422386 -0.947619315629235 -1.50746000180419 -2.04627809894727 -0.854845716205957 -0.867642074747099 1.18114633025072 0.56783514588599 0.522133865381912 1.04038638629816
GS1_SS_06173_20635 0.585131101647884 0.951627544987728 0.955234335382501 1.53104096969643 0.74080482900938 -1.28690946131659 -1.19150403797098 -1.51029776963801 -0.716803882787941 -1.12169519162053 0.339171266339812 -0.669101171115136 0.319508441284436 1.07379302610101
GS1_SS_06226_18518 0.747791104049603 1.398949616118 1.46810860841285 0.789286499426511 -0.539098144882957 -1.24558385078723 -0.724231447333776 -1.37272999816006 -1.46316868039179 -0.872125292395062 0.0168337547179213 0.0551371966042977 0.739279228074853 1.00155140654685
GS1_SS_06243_07266 1.05981878549364 1.44319581415094 1.07682868778901 0.449817520101033 -0.838748001474769 -1.19857285772309 -0.912021426747154 -1.69316847831169 -1.07688663361002 -0.490699231430939 -0.185829444136908 0.351304016730356 0.957759371721389 1.0572018774482
GS1_SS_06273_12457 0.85823444448751 1.19479852915471 1.45241090673587 1.67110342871125 -0.585692198487224 -1.06811307535325 -0.852015210418259 -1.68341745921619 -0.975798884509238 -0.55918963014614 -0.450955365032901 0.101335919277805 0.381558879639478 0.515739715156576
GS1_SS_06386_04935 1.48579441169127 1.11203957542954 1.07849747473939 1.1240188971046 -0.268685061515648 -0.554284069570639 -1.27184543790645 -1.17121913583598 -1.43716007702221 -1.05621764775545 0.757451653847908 -0.719598708686402 0.282351756215218 0.638856369264862
GS1_SS_06436_11898 1.93214653078801 0.797562137498069 0.955609652866948 0.958131735174564 -0.251128613733235 -1.30192184419797 -0.627878608003512 -0.653992203577933 -1.98935666786648 -0.67474916416273 -0.459144605830331 0.55281302095962 0.380954315042491 0.380954315042491
GS1_SS_06462_14945 1.04929384030949 1.30246806242119 1.23516858565732 0.606158833189284 -0.147034477593039 -0.605151630135675 -1.38630627114489 -1.67473260013291 -1.46802706435816 -0.831085587842956 0.0439678469368045 0.309480306455219 0.669532507141929 0.896267649096399
GS1_SS_06506_03195 0.700139615362146 0.644322948383749 0.747053010307179 0.244703007501609 -1.44520651113881 -2.20472410229269 -0.894025485565632 -0.581589123902508 -0.956896283462771 0.11902989841528 0.664868960768435 1.16071272631885 0.746368143227689 1.05524319607747
GS1_SS_06551_19748 0.344861046429278 1.3259979860968 1.15084797266144 0.968276348487307 0.0870342893638498 -0.334958497243526 -1.46155900739125 -1.76584504768148 -1.17805347716962 -0.855955571106308 -0.542763597929536 0.310721637030862 0.787189046460927 1.16420687199126
GS1_SS_06595_10174 -0.517485923216989 0.99721517245949 1.82160986715554 -0.377810617263216 1.3963761579185 -2.29912204804957 0.0629425704131371 -0.830979387691015 -0.314801534799624 -0.830979387691015 -0.154330127737178 0.338878897064037 0.0651152973946401 0.643371064043263
GS1_SS_06806_18666 1.00797922621459 1.17019539310806 -0.670339468532831 0.256649247741511 -1.61708053389618 -1.42723851209628 -1.15427202121349 -0.842349508516261 -0.77184459579578 0.56582837862082 0.506296993172009 1.3951527021773 0.926583087676979 0.654439611339557
GS1_SS_06853_10677 0.671512737754952 1.42105480777263 0.629564875220826 1.85893161843588 0.364263042877798 -1.92741492082869 -1.06895559370486 -0.654076514694088 -1.10060047245867 -0.76391368106634 -0.103050864300628 0.0842426622771817 0.66426385273809 -0.0758215500240902
GS1_SS_07011_21789 0.4722394235641 1.14110225509286 1.38267213211102 0.933300210346063 -0.971984787426159 -1.5018800015305 -0.526639030278173 -1.75383998078599 -1.16809796715595 -0.170778028649279 0.248852225461291 0.0852081152231856 0.888752647003467 0.941092787024068
GS1_SS_07096_04840 0.943785293276962 0.529624360878176 0.776714004198895 0.849990885373486 -0.946758241027474 -1.86711586858033 -0.829515231148129 -0.881688370544437 -0.798445833530102 -0.383991793606618 -0.147747128699739 -0.23157588076347 1.08447690513218 1.90224689904061
GS1_SS_07114_11818 1.30869076654584 1.33795172276106 1.25478900509676 1.21320764626461 -0.796558030622667 -0.791937879641317 -0.872020496651384 -1.39717765819817 -1.09840789473754 -0.80425828225825 -0.124788077934369 -0.677974155434682 0.501704395136698 0.94677893967342
GS1_SS_08070_01762 1.04016466552389 1.22687569621684 1.43890347683426 0.818057653842802 -0.945617906676511 -1.21144378088342 -1.11017678118555 -1.26682417134319 -0.689760502752363 -0.60858867330704 -0.855426985070597 0.273383602186591 0.813896213073968 1.07655749354032
GS1_SS_08099_11283 1.14818635872308 1.21574244584109 1.11199559776699 0.448618949442018 -0.353247677474896 -1.48650103887967 -0.892972559199927 -1.56370799558597 -1.163196907672 -0.987068537685739 0.586988292164104 0.261271443559369 0.682531901088159 0.991359727913389
GS1_SS_08191_08901 0.911394999809405 0.927889930126149 -0.655333146903268 0.366772065978846 -1.6542196895448 -1.81529921433881 -1.08149249027721 -0.415455259980296 -0.633565643552726 0.292278832290324 0.666196167622967 1.34340738297316 1.10638345760059 0.641042608195674
GS1_SS_08367_12554 0.296393349233255 0.583141640671041 1.36497790018168 0.997496109140706 -0.81703897947894 -0.586800387949189 -0.912659241433478 -0.977156045575362 -1.6423730836434 -0.0813254345581411 -1.24114296485377 0.356277881916156 1.37772726844228 1.28248198790717
GS1_SS_08409_12760 1.03464636655006 0.936394964084527 1.08842608158383 0.598099872016343 0.911573557145864 -0.437056219854784 -1.4133648927755 -1.48679488830237 -1.56849868614214 -1.35441405129618 0.185547404189994 0.148728983897645 0.612682448592807 0.744029060309894
GS1_SS_08569_17687 -0.447278356228456 1.05226906894369 0.436109455650499 -0.195849122086107 -1.26340771947687 -2.07592589085251 -0.39446467508904 -1.04447921218955 -0.322240837633428 0.269091831534396 0.181610708416286 0.887508439748075 1.28473954575394 1.63231676350907
GS1_SS_08616_21169 0.922803562299239 1.43277897177978 1.76850245062241 1.07035021621104 -0.55390286466677 -0.409885122322349 -0.637833734377426 -1.6841083261114 -1.50480146809318 -0.556764144315997 -0.364104647934718 0.309917461434835 0.47768382486784 -0.270636179393305
GS1_SS_08617_16285 0.999248341834838 1.23923291716006 1.54237132809719 0.720288827960554 -0.713122800899285 -1.11550295351226 -0.803342566059144 -1.64058198674264 -1.29052929792238 -0.77447224120799 -0.0162653348045346 0.405421847552646 0.747535197038832 0.699718721504106
GS1_SS_08737_01287 1.33744279811044 0.95577880923418 0.853008232107761 0.0778742181881661 0.0678100562096844 -2.56629080008137 -1.24053100099293 -0.952154051994127 -0.372729280240698 -0.362239326793896 0.394121154204301 0.513691140171723 0.622306672908721 0.671911378968045
GS1_SS_08739_04099 1.08455986518176 0.869290619941816 1.2456246242102 1.21155323287726 0.364259678411276 -1.45066138991022 -1.22609994703402 -1.61792094736284 -1.13627536988354 -0.82498674906895 0.181667994858836 0.196458076096544 0.691654775128713 0.410875536553162
GS1_SS_08998_01888 0.618522306334013 0.998849830735595 1.24834468674303 1.70017378573211 0.810207378632411 -0.490512754820999 -1.40177750328719 -0.959076264883748 -1.33636116909012 -1.16856066532414 -0.314040783498665 -0.398321362906055 -0.262179322271265 0.954731837905012
GS1_SS_09027_04193 0.193852762677379 0.85721784839772 0.909064017421955 1.1492402876026 -0.787236281935069 -0.103487232324858 -0.831549246913047 -2.03065807921715 -1.80466195782946 -0.0986128061772801 -0.0416617835875819 0.604633948023242 0.862978533844857 1.12087999001669
GS1_SS_09084_02793 0.879735675691224 0.62344923811068 0.87427925476209 1.34601164599905 0.571199874062001 0.140804005015449 -1.20527850359307 -1.84847478887586 -1.05481356281998 -0.445347879644569 -1.38219881856803 0.0926882931858115 1.34601164599905 0.0619339206761462
GS1_SS_09153_01408 1.01033938145578 1.16755299143788 1.02823361348626 2.01497269402429 -1.30824182592244 -0.745851676392989 -0.698559777455286 -1.05644441806493 -1.5510921177647 -0.00835368485096497 0.38276310095815 -0.0339168734659398 0.0619450838402158 -0.263346491285339
GS1_SS_09271_13480 0.855501263981344 1.04068759124497 1.55454898941357 1.2307795165818 -1.03315399420397 -1.4501298304267 -0.706931722335598 -1.45258262946331 -0.960796422624143 -0.462878218193469 -0.383162249503829 0.450789422941634 0.902104445676826 0.415223836910872
GS1_SS_09354_12815 0.837153461234723 1.30075254107342 1.57017399584878 0.629626124448292 0.192411293498125 -1.02816534952986 -1.40681171840335 -1.51239580203154 -1.17622578864065 -0.792724979140579 0.174765037737448 -0.254124791621176 0.413603516565341 1.05196245896103
GS1_SS_09368_15859 0.721141422317802 1.1714761357338 1.28560205625704 0.918548419979611 -0.203278533920389 -1.20511904705407 -1.3284984205927 -1.35471653746966 -1.37322344350045 -1.03238792409999 0.502143034286732 0.506769760794431 0.485332594642094 0.906210482625748
GS1_SS_09432_06689 0.467678687069911 1.34882231208801 0.889814958321108 0.957537354778519 0.0894365616707399 -1.0891839603788 -1.26977701759856 -2.43109070499787 -0.0379818731454264 -0.292317095396593 -0.514797708943718 0.57528205033002 0.650027510123755 0.656548926078913
GS1_SS_09465_19731 0.228918023367607 0.224953406228762 1.07950860951985 1.81476487890569 -0.107353593954445 -2.05253893016786 -1.11472676696102 -1.28484488419147 -0.952537884008262 0.399036140598056 -0.0208528563796403 0.707195018208296 0.832260667951867 0.246218170882568
GS1_SS_09506_13032 1.46816900423201 0.629540898823831 0.583364218064233 0.237833549885693 0.292898000382891 -1.65661856831713 -1.26270996542163 -1.32891309195869 -0.757911125576563 -0.525538151431489 -0.511304479226022 0.214281787620135 0.935233835608697 1.68167408731403
GS1_SS_09511_07027 1.16433061082593 1.0064680148944 1.22133654824565 0.503500243968117 -0.121664869734794 -1.05685458155879 -0.825030436051934 -1.84967561890379 -1.35708585196931 -0.738790684570822 -0.0886306598454192 0.0341513592124357 0.923151644819428 1.1847942806689
GS1_SS_09575_15878 0.973041100456206 0.850938086270582 0.99440912793869 1.1378801696068 1.14703789567072 0.161106932377716 -1.29909248851462 -1.66540153107149 -1.43137075388237 -1.26347910937714 -0.484054868825575 0.0282690281949396 0.410349710084122 0.440366701071421
GS1_SS_09584_07916 0.62522856418768 0.893696917390751 0.700478913979057 0.973190707959837 1.40828483570096 -1.3754123144763 -0.980489426097497 -1.90159897091225 -1.09534522314749 0.0229428698048146 -0.750212039893809 0.00792108945172391 0.542538048232719 0.928776027819814
GS1_SS_09659_12062 0.70736516326993 1.10094336432261 1.31969891563903 1.24395253360426 0.766447341257053 -0.319452791593451 -1.15266299397595 -1.13448386228761 -1.47685750908478 -1.15266299397595 -0.895125295057725 -0.443676858130479 0.441010585482855 0.995504400530206
GS1_SS_09750_08995 0.909264081375431 0.898463617157164 1.3210317796969 0.789108916947201 -1.19412632513225 -0.80800972932917 -0.918714487566416 -1.92855789197447 -1.0267191297491 -0.671653868573537 0.411092669307823 0.613601373400347 0.894413443075313 0.710805551364758
GS1_SS_09819_11587 0.867567223921341 1.37230187755989 0.95758359527089 0.690749351627583 -1.06135501928329 -1.38766436542541 -0.381409928553659 -1.26389185481978 -1.27514390123847 0.104999963774443 -1.04528066725659 0.928167531062019 1.23084757972488 0.262528613636154
GS1_SS_09975_15313 0.998568639139472 0.833443511133676 1.22360642420932 1.0657877177967 -1.095451789465 -1.27226719201987 -1.40539019344756 -1.51337910459471 -1.10275821105817 -0.025499411360187 0.577718755372489 0.373138950763539 0.680008657676964 0.662473245853339
GS1_SS_10021_14839 1.02327417942016 1.05124923314451 0.676383513238202 0.629758423697616 -1.81899127897395 -1.85629135060642 -1.03270576896151 -0.699989129999892 -0.507893761092679 -0.0621579050846782 -0.00620779763597515 0.540238251779691 1.04378921881802 1.01954417225691
GS1_SS_10159_20461 0.50424697182554 1.40232567220547 1.86655579878888 1.22076551275113 -0.243139226731509 -1.50701182266538 -0.631780049981175 -0.955282824055787 -1.45840133820639 -0.510253838833687 -0.62716205395757 0.0842523860998225 0.497684556423576 0.35720025633708
GS1_SS_10352_11709 0.604090386297386 0.750821588755519 1.34872075445057 1.58446617668247 0.427078090811189 0.0710212117161076 -0.817698384335715 -1.68345312460115 -1.8927788012381 -0.880699316139068 -0.561630080876923 0.267035401149445 0.39964220115489 0.38338389617338
GS1_SS_10386_13595 0.871634007936429 1.0648916423526 1.568704994106 0.158027609196495 0.154410487696727 -0.658408386465414 -1.51876657176736 -1.7822997096076 -0.95294542287509 -0.691995943248974 -0.536976450401776 0.431637014071799 0.827195086653566 1.0648916423526
GS1_SS_10405_10135 0.710751907212262 1.31901240818172 1.59726961970065 0.921153412764297 -0.559223769571075 -1.11329733987632 -1.04983516882814 -0.725201755389385 -2.09940184385569 -0.285848263517387 -0.100343455838099 0.512652299432643 0.308743462149384 0.563568487435143
GS1_SS_10410_00948 0.822707889403222 1.31296448916874 0.835753668571684 -0.00106689084296937 0.548368388338906 -1.6648764079801 -1.38883528354599 -1.14682662650786 -0.829190264145315 -0.348954335335279 -0.721420784058023 0.0669980439490042 1.04637682790018 1.46800128508379
GS1_SS_10464_13272 1.41565785196971 1.0240193900741 1.31303600901311 0.751757357740258 -0.904852392844905 -1.17962761316952 -0.91951265612442 -1.56246991709742 -1.07344542055932 -0.568504066746324 -0.35446422286541 0.399911039031905 0.718248184529939 0.940246457048305
GS1_SS_10624_13170 0.181624470449796 1.10844777636105 0.263146383738251 0.932165060560028 1.31383583641052 -1.57985521791932 -0.848852937605499 -1.43837090560052 -1.39120946816092 -0.609677076304663 -0.390713259620798 0.367406847220799 0.993811796641793 1.09824069382948
GS1_SS_10659_02072 1.00754041222487 1.24540442488669 0.956979945765354 0.201905343252871 -1.15736683345085 -2.30876654691533 -0.927546531362134 -0.684051921299138 -0.712664548909183 -0.153281933625243 0.329110880458976 0.354276203537691 0.871946433992528 0.976514671442895
GS1_SS_10663_11999 0.878815661681182 0.986480028522744 1.24199854297892 0.904625612636351 -0.905758090076221 -1.37218077519463 -1.41771690295125 -1.51413550544806 -0.909445225926959 -0.0534766381780314 -0.181235895406118 0.586610145510161 0.612973166842941 1.14244587500898
GS1_SS_10666_19512 0.842126650695103 0.780794182401395 1.38482606711216 1.69381160813728 -0.434471505645527 -1.07776546286249 -1.4680629883679 -1.54472857373504 -1.06382626552301 -0.371512797662213 -0.16428339721529 0.331255068203193 0.555443825413149 0.536393589049194
GS1_SS_10842_04016 0.570807038244128 1.03800440524744 1.84498167552589 1.33531182061319 -0.255932430820398 -1.12209636219141 -0.696372130440794 -1.19230088632399 -1.85761991751641 -0.583395312601811 0.493357207350531 -0.0787721886053982 0.178311282328511 0.325715799190519
GS1_SS_11046_12427 1.17365361496311 1.32598410819016 1.00348261352029 0.739992030641081 -0.106608701536964 -1.75218973242478 -1.179921122734 -1.24716611523963 -1.31303876095943 -0.448185816529857 -0.00272204984969229 0.271841999244374 0.539629399910015 0.995248532805316
GS1_SS_11065_12321 0.705911190358745 1.03634055949402 1.01250109910603 1.27617997915495 0.605785456729211 0.0207073061768356 -0.911993521305782 -1.67124421426855 -1.59900342521405 -1.03769249426061 -0.82024771920657 -0.235819735755685 0.575010880591995 1.04356463839947
GS1_SS_11270_06178 0.598134222824726 0.687131455540404 0.677713758956734 1.74662232120324 1.03323180499026 -0.0900639550269318 -1.17521804388026 -0.975562876306468 -1.90273510496874 -1.20723821226474 -0.390253033631401 -0.3310557473306 0.545630564370768 0.783662845523017
GS1_SS_11316_11865 -0.228605708514967 0.464768573288147 0.414341352793375 1.31398236150491 0.698964222316751 -1.50043839464753 -0.879795680865723 -1.7123296961496 -1.34430796196179 -0.481226688108968 0.317947781309138 0.58453322196323 0.911825278059106 1.44034133901393
GS1_SS_11388_10068 0.834263735632049 1.20665155365339 1.30478077596982 0.64806982662138 -0.404680599460562 -0.33201465226829 -0.815313652846253 -2.46942008235454 -1.3759082870027 0.00821697444012326 0.0668428944394283 0.14559788568313 0.778908789709958 0.404004837783071
GS1_SS_11443_09797 0.629984176276926 0.754836056501679 1.40326033766894 0.938891892833008 -0.649948970027151 -1.18560381099141 -0.956842946579608 -1.5380083116258 -1.52874510760912 0.396390335856421 -0.5943697459271 1.10925429713969 0.256636779604843 0.964265016878683
GS1_SS_11470_04865 1.00147764868293 1.02728284753438 1.2554008053812 0.625753953405806 -0.491095052884979 -1.22602711617429 -1.19609308550661 -1.95166930787709 -1.1104198253198 -0.164504456221019 0.114191691374648 0.332606894453327 0.800197097641613 0.982897905509884
GS1_SS_11568_10033 0.865300139585081 0.925350440215422 1.23371684885771 0.514898520501549 -0.108488519285317 -0.882650503087283 -1.05793246168395 -2.04795093153553 -1.4555628307227 -0.450937530988073 0.123922373965085 0.315974596248603 0.918858515822953 1.10550134210645
GS1_SS_11687_11545 0.739503628220003 0.960586895128439 1.59923568383962 1.08114814605861 0.0400854522156437 -0.642877742242841 -0.695435930824021 -1.78136696048613 -1.47181780269245 -1.17530229364798 0.556543783903 -0.365586865103447 0.385477144069648 0.769806861561911
GS1_SS_11715_16904 0.90325345620212 1.13913577189617 1.80302484012495 0.597426906028351 -0.358887861975341 -0.998163123349082 -0.92158683535565 -1.62376404758114 -1.58274103615609 -0.613914249667753 0.61609237622675 0.499176793665349 0.343289350250148 0.19765765969121
GS1_SS_11730_20783 1.11742275649015 1.20232719571457 1.56399805370948 1.01487583638794 -1.12868559026482 -0.888306788304789 -0.817736864793587 -1.42529980002284 -1.2411564058608 -0.487601941367746 -0.192531448686532 -0.253067211198485 0.705029765971567 0.830732442225896
GS1_SS_11802_06409 0.720918572578554 0.321013468460469 1.16765346749859 1.07277620986083 -0.231659241404832 -1.20148746586781 -1.18778861048696 -2.06400798984744 -0.983320509802374 -0.500309016373781 0.348512652224996 0.476368635779624 0.982718919857077 1.07861090752305
GS1_SS_12043_01838 0.969276151323268 1.4651207300629 0.901602691119906 0.173206162239109 -0.40199992965725 -1.21287234317138 -0.756708521010117 -1.24584804115894 -0.833651816314427 -0.148490091461766 -1.32279133646325 -0.304208665291916 1.18226252065848 1.53510248912539
GS1_SS_12129_19143 1.10487259393739 1.23395735858739 1.35752568030362 1.1114923254579 -1.33560175995831 -1.34773793441258 -0.768511426367716 -1.33891162571856 -0.875530419282672 -0.583158943793359 0.355739643532697 -0.23242350206486 0.520129642958763 0.798158366820298
GS1_SS_12164_09995 0.262428709492103 0.498325017355324 1.39945629668885 0.997066663557533 0.998912487562723 -0.396899625161595 -1.22899708670103 -1.7273695681022 -1.7993567043046 -0.477783633069 0.248400447052662 -0.369802928765413 0.530257772645103 1.06536215174955
GS1_SS_12396_12215 0.416117114354333 0.907916445071134 0.439181833344077 0.688739612735797 -1.83876917655699 -2.11467777737517 -0.492707216160906 -0.450235892214738 -0.803956918656915 0.973638493805351 -0.311041553150287 0.703930086263989 1.14042369295162 0.741441255588707
GS1_SS_12487_19039 0.842012429656359 1.40309699277611 1.58385455611352 1.14136658432375 -0.2539836557379 -0.764357952220002 -0.480625831307115 -1.80473632581813 -1.52092241415261 -0.335856199131904 -0.733277466216284 0.0196882026000994 0.48131521050795 0.422425868606169
GS1_SS_12531_06017 1.37825582238333 1.62995431759945 1.04087273305109 0.308090943787155 0.159035451939313 -0.763859030519777 -1.11909307695954 -1.71710014006166 -1.45647616629178 -0.82098209326386 -0.0358969996748698 0.391990442192526 0.513733969665853 0.491473826152768
GS1_SS_12565_16963 0.812406032579228 1.29047621834041 1.31240604337533 0.812406032579228 -0.705137859837007 -1.35206769836705 -0.99417295379721 -1.24022559068897 -1.43540103349973 -0.263909780134483 -0.499874697510187 0.274248126222373 0.93302007027127 1.0558270904668
GS1_SS_12654_14369 1.26312911687777 0.8846691412629 1.2419070621704 1.05090856980401 -0.887372426803007 -0.852002335624047 -1.2141920692966 -1.70619003759594 -1.46744192213795 0.204148586979706 0.373571323726925 0.836919518171304 0.18292653227233 0.0890189401921903
GS1_SS_12765_10611 1.06574997048531 1.34813891086012 1.48446460621348 1.04029323349585 -0.486345892683181 -0.221693203489541 -0.667533870435989 -1.53834902646868 -1.67328364329802 -0.849765157081808 -0.732914561064642 0.155984615780228 0.510292315846563 0.564961701840309
GS1_SS_12909_09288 0.393492369387519 0.597807780751365 1.61316203316358 1.56960240231443 0.714329793272828 -0.277533372502881 -1.27110780949052 -1.33748438983208 -1.35718993712097 -1.12176050372202 -0.365689768269008 -0.499480063019953 0.51898559159577 0.822865873471948
GS1_SS_12953_15288 1.13599828998685 1.0088837658426 1.22497845688782 1.06537910990671 0.246055382616938 -1.16053744621926 -1.33849778002121 -1.31731202599717 -1.06025821050547 -1.20149657066574 0.0049615018233446 -0.311694901655997 0.797760665075014 0.905779762925594
GS1_SS_12984_15678 1.04539093177908 1.66629739737755 1.69026621314514 0.573775947247303 -0.595902262210988 -1.28186694203577 -0.997665269362938 -1.13577130307142 -1.05016838961575 -0.738573784637107 -0.455513484143687 0.0737407954482424 0.412842469950641 0.793147680129703
GS1_SS_13142_00268 1.25392316238017 1.05695228950429 1.42365338262428 -0.0890410123661582 -0.611013825487254 -0.7302440666217 -0.994478397149882 -1.34651144654508 -1.45128318743651 -1.05734144168474 0.369230582292949 0.147533578566687 0.762124610635806 1.26649577128714
GS1_SS_13221_10916 1.19683375455791 1.2366709639922 0.756632590308996 0.534966974956763 -0.442182862167202 -1.85924931204412 -0.923074890338286 -1.20051259889853 -0.776530869919287 -0.753766750242549 -0.526125553475172 0.516328851971434 1.04744421917932 1.19256548211852
GS1_SS_13286_12396 0.747879067133711 0.489394184243616 0.747640612444698 0.420480779118858 -0.88148182289214 -0.981632792277601 -0.251961443897811 -1.2749320597636 -1.37985212292932 -0.013506754884808 -1.10801377745449 0.160326713405671 1.24553400310385 2.08012541464936
GS1_SS_13332_03118 0.552567377401578 0.754993452159401 1.29006120532043 0.700539654271332 -0.139185260291293 -0.348287844181479 -0.776815557996284 -2.06476625587062 -2.02451779656204 -0.201499345526684 0.482724462719055 1.16102937989 0.470886680569475 0.142269848097127
GS1_SS_13350_15704 0.768974772502904 1.14028703798778 1.10415377767646 1.17814092974249 -0.704229869332828 -1.42620682298183 -1.19185682039128 -1.11993442605732 -1.10961063739695 -0.462653214680017 0.224222857523702 -0.60684212963661 1.11723057664627 1.08832396839722
GS1_SS_13482_18121 0.47022322555447 0.915090772730168 1.9461411566378 1.87723742502793 0.0524786927306569 -0.203655269590017 -0.991663400182846 -1.32991808263128 -1.31801652898957 -0.929023644173877 -0.270053410959524 -0.219315208592259 -0.23685434027477 0.237328612713124
GS1_SS_13665_16161 1.17172755186448 1.34346607299531 1.23234114755772 0.650198072253965 -0.870192953051276 -1.50789849107382 -1.01288745957909 -1.46117551106029 -0.861353470346013 -0.531767043764063 -0.0188244902100857 0.0869967456043489 0.69856267048419 1.08080715832464
GS1_SS_13764_10094 0.728541187855544 1.31612518261784 1.09192930866243 1.35333215744449 0.966952034244728 -0.227582662689635 -1.54499577905148 -1.72149040322914 -1.28836305524719 -0.572844308580975 -0.145441110572353 -0.479063651517922 0.24570913760518 0.277191962458493
GS1_SS_13856_11837 0.715309352902613 1.05416670103972 0.981910354745776 0.513489902909191 -1.05621693037298 -0.575089327981257 -0.759965910567824 -1.44988943776756 -1.93824267478868 -0.552017129130157 0.406351182542312 0.384923438468936 1.31080131029061 0.964469167709307
GS1_SS_13950_14185 0.864428600254789 0.790510715197372 1.35584565091428 1.18610828522688 -1.03416596594219 -1.78155791485607 -1.11629694933932 -1.03964136483533 -0.984887375903913 -0.596134054490833 0.33879030651316 0.574232458918265 0.693322384844103 0.749445223498808
GS1_SS_13996_19465 1.04072982194617 0.476041564489347 1.29534372374589 1.5549994849872 -0.537120090295901 -0.108309944789629 -1.69952078455188 -1.54826500130452 -0.94752744884041 -0.708291218337499 -0.253011310762939 -0.268388982059754 0.745781044613809 0.957539141160116
GS1_SS_14172_10901 0.408759867684322 1.80699392838168 1.37572996085647 0.598281311916485 -0.359623436632179 -0.852760581539058 -0.88620554228591 -1.40870970974331 -0.921410764124702 -0.850120189901148 -1.10623817877836 0.298156795740783 1.00695526209513 0.890191276329802
GS1_SS_14271_18423 1.34880093735579 1.04761520529567 1.89455854206623 0.495063937456064 -0.413701733789985 -0.451519791875729 -1.30299223739906 -1.67437915512733 -0.939757715425812 -1.02898115785565 0.250039153930466 0.476947502444929 -0.0699423794537025 0.36824889237812
GS1_SS_14320_02139 1.24990380519778 1.22959398229493 0.823397524237915 1.89691673481716 -0.734656032737909 -1.13504968425125 -0.928759911623724 -1.45130264088135 -0.960965487941101 -0.598290078961626 -0.266369544663611 -0.110854329293212 0.466234781474928 0.520200882331074
GS1_SS_14373_11260 0.738417165228213 0.15610060184325 0.417593700118007 0.242532494270201 -1.18762233592997 -2.59067564053865 -0.107589917425412 -1.00933824595777 -0.635337192795054 0.862937688216192 0.265971651538526 1.15958952239344 0.674325719572635 1.0130947894664
GS1_SS_14488_20071 0.894160121544652 1.26734176505321 1.66236818769398 1.26461116766169 -0.808822451637102 -1.11737995687955 -1.18382449340668 -1.35494192994231 -1.09098418209479 -0.534306393875682 -0.0894010588830354 0.051042666954455 0.34075905019537 0.699377507615793
GS1_SS_14597_13262 0.923481519396742 1.13228173386557 1.198844366163 1.09063559494151 -0.784366126394985 -1.0546744845055 -0.87100433335324 -1.74521730085313 -1.41062438983933 -0.123509532152192 -0.426778851496617 0.501538501614017 0.919067740570603 0.650325562043559
GS1_SS_14668_09255 0.934991669705593 0.579243525401556 1.51921149612865 0.709649736656702 -0.778462486211817 -0.425823225984102 -1.47700161366958 -0.893407737060552 -1.91933948224703 -0.554977537611199 0.513518794928962 1.30012906122 0.51497934449502 -0.0227115457521962
GS1_SS_15004_20194 1.00948941438333 0.960852692804187 0.692337459086012 -0.477645898901103 -0.00394449602092737 -1.97457610750356 -1.58345580480463 -1.39701503875126 -0.255403101685306 -0.225680660720275 1.10912714261837 0.443412016003881 0.857161904437546 0.845340479053727
GS1_SS_15201_08894 0.645186213705702 1.07033792100182 0.396747202605717 1.31244026471295 0.958419880077602 -0.121163795387293 -0.804095891999825 -1.01338441350484 -2.12988735765314 -1.63901875710832 0.205457196454011 -0.0413455859774912 0.656163820590614 0.504143302482492
GS1_SS_15241_02582 0.951065781737075 1.25583147606978 1.22939061674411 0.727014289556412 0.359764669764629 0.157422514714515 -0.668784758003869 -1.70971964093018 -1.89480565620986 -0.706358610729819 -0.908144116109919 -0.0982188462394469 0.354476497899496 0.951065781737075
GS1_SS_15458_00967 0.704298878076963 1.14914552629847 0.876205718406632 -0.293967159626904 -0.708172167537022 -2.8620140813938 -0.319602390202381 -0.438730814641362 -0.170314870968721 0.68771137593989 -0.179664190355072 0.409192135511031 -0.128393729204118 1.27430576969639
GS1_SS_15531_13697 1.4490898022872 1.22951541006855 1.09635416575531 0.214940057120206 -0.0750398015066118 -0.701322632473471 -1.4181267773937 -1.65611708637907 -1.16455376960571 -0.9534790312794 -0.0706483136622389 0.423181577482405 0.570933894310823 1.05527250527569
GS1_SS_15587_18318 1.00679056720805 0.923453666041925 0.795891044762374 0.338591081684738 -1.04805071425265 -2.17926641239206 -0.677998770446401 -1.29956569394535 -0.173464534866667 -0.198736374931484 0.17041300315816 -0.206558611142022 1.25650041546755 1.29200133365384
GS1_SS_15625_18637 0.632904602010099 0.963111677190192 1.33432485974559 1.4659760465821 0.355681733991256 -0.656845385752148 -1.34294230862634 -1.29006601227397 -1.79508859784353 -0.718138725197341 -0.286495489667808 0.0372369369793424 0.492620550463 0.80772011239956
GS1_SS_15949_17667 0.275245106287298 1.09696396709615 0.657439925268161 1.12849503966207 -0.747126034486509 -0.535963396999583 -1.72028959231653 -1.84402516496158 -1.21483694421434 0.109468103554349 0.370793811032514 1.13040601375698 0.459224137274211 0.83420502904681
GS1_SS_15981_03634 -0.19031167216538 1.68663868354705 1.72555073001525 0.48536822043597 -0.609172058076624 -1.40964844256527 -0.83708547310464 -1.10113150271027 -0.355409926466162 -0.725908197481217 -0.789835130964685 -0.0232678155411876 0.901727117645687 1.24248546743148
GS1_SS_16076_00602 1.89355697947572 1.47548280579018 1.23658327796988 0.922378464206212 -0.618523490234764 -0.913772145812686 -1.1462837079978 -0.855345630856633 -1.09009038428006 -0.564355619035507 -0.973237354367958 0.275791698692557 0.167144348214279 0.190670758236583
GS1_SS_16165_10859 1.02497748155192 1.22128570175402 1.25697810542712 1.8235950137377 -1.04518193148831 -0.625796188329296 -0.677104018609388 -1.15895146819634 -1.17679767003289 -0.636950064477142 -0.978258674601232 -0.0402176905673765 0.556514683342389 0.455906720488817
GS1_SS_16236_12202 0.999607101637219 1.09440451280595 1.15128295950719 0.743780488029869 -0.719385954222449 -1.07456025473463 -1.09832280580093 -1.52832386286229 -1.2237081816401 0.159449245585807 -0.788904055746185 0.0478410935031533 0.94399262041823 1.29284709351916
GS1_SS_16245_13319 1.45871686824881 1.374954172067 1.17806865939226 0.404429489193543 -0.417308466338432 -0.651757662352441 -2.10335655185354 -0.751063951640143 -0.535180714058183 -1.34603815441603 0.144419717849829 0.738530387675385 0.0934712737804866 0.41211493245146
GS1_SS_16358_11882 0.624331107994012 0.218245854482116 0.721809092968998 -0.541753850845326 -1.56034403092102 -1.67717157845658 -0.564389188180342 -0.300797034053228 -0.936046823777852 -0.447561640644779 0.7345871059807 0.522107003900395 1.4297110138173 1.7772729677356
GS1_SS_16382_04113 0.789175898660345 0.85367588263707 1.80006330356603 1.00924519211769 0.0958681652073323 -0.51692641210275 -1.18160724559383 -1.30327157043204 -1.8194503603706 -0.885497749112609 0.0217960615558362 -0.165889051319573 0.497539355298174 0.805278529888931
GS1_SS_16402_09100 1.26162037516027 1.76700127364862 0.904459396900215 0.253498627653274 -0.426502685760535 -2.28358891274312 -0.393690642351216 -0.450263130987973 -0.813835657960192 -0.252636570683571 -1.04653716121938 0.247087078941108 0.672512193489515 0.560875815912983
GS1_SS_16495_11414 1.21682847716495 1.03901291049166 0.420561695671879 0.0762066714314101 -1.56880416854856 -1.80169919124017 -0.560026100055704 -1.42221475016912 -0.313686485737585 0.0835795120007904 0.049317488178376 1.39898100887906 0.379794224288247 1.00214870764476
GS1_SS_16840_03363 0.718352646750349 0.81168367736547 1.38450905045298 0.125280859614053 -1.41295279311664 -2.24256195413993 -0.688773129640054 -0.48201279885407 -0.709266451177237 -0.236932425868439 -0.00311103435383736 0.645761845160811 1.04624579134527 1.04377671646127
GS1_SS_16916_21732 0.598775310534979 1.0010452952463 1.29506150757866 1.28731064082121 0.237326557412862 -1.07928734245154 -1.16454687678342 -1.634766126735 -0.738249205124029 -0.624345050878892 -1.26789176688267 0.592316254903776 0.892016436191592 0.605234366166182
GS1_SS_16984_13411 0.765008401230655 1.48762464901142 0.825605518377081 0.507806007952754 -0.380154635506666 -1.4547474010725 -0.58515835713293 -0.760709196989275 -0.72279954718641 -0.704719560357351 -1.65012790390265 0.139499179483379 1.0306675625415 1.50220528355099
GS1_SS_17080_13715 0.953058813190639 0.684015837504381 1.16231446094662 1.1196092267107 -0.979566562155646 -1.09892769184502 -1.27102978581576 -1.67331309231807 -1.03700510220295 -0.609098655159092 0.534547517678683 0.524938839975602 0.837754680753671 0.852701512736241
GS1_SS_17243_05692 1.59182643023327 -0.073225382793581 1.25521709994558 1.27109489854405 0.125120077298581 -0.600368296262984 -1.17408608562125 -1.80708098974716 -1.01848365935618 -0.685049888788189 -0.4574681088767 -0.0117253762221507 0.418986373759174 1.16524290788755
GS1_SS_17301_13497 0.0894784355929961 1.03812359741389 1.76379660581534 0.908394344515303 0.44353118829538 -0.61322168427433 -0.969977129745434 -1.56051549971086 -1.10646311456582 -1.66051513215352 0.735422007317192 0.238126537872623 0.0232624627593442 0.6705573808679
GS1_SS_17327_03968 0.558126454920669 0.958209247793659 0.797704056552578 0.491800045010751 -1.64291899849563 -2.09611012670575 -1.01010367832308 -0.413165989133818 -0.289010502967922 -0.0602906054493811 -0.432521026901125 0.872527800116435 1.18716518235814 1.07858814122447
GS1_SS_17392_11097 1.1493892411548 1.22561572849297 1.2971530456089 0.764099118384566 -1.08219157696163 -1.13377020685713 -1.48136532137026 -0.943153531156382 -0.822055878358259 -0.961093924163511 -0.0528615281775871 0.187091228292768 1.01436760083402 0.838776004276742
GS1_SS_17430_19886 0.421764481265043 0.844872561775801 1.481241861539 1.31366600906679 0.724846357442584 0.468560038067906 -0.898335243566308 -1.82628652663114 -1.31727487474682 -1.53721818111659 -0.119107529570556 0.270087387796139 0.311143471651829 -0.13795981297368
GS1_SS_17435_16323 0.781239968364223 1.20842369775996 0.960495784798824 1.17890847002649 -0.426916686859104 -1.4873004352302 -1.11737624763739 -1.43220534346105 -0.934381835689879 -0.784838015173637 0.064019934440929 -0.196697910538046 1.10807192346617 1.0785566957327
GS1_SS_17613_00702 1.29969230783351 1.34282842052429 1.3324757534785 0.77688262202128 -0.970992664209056 -1.32298334376581 -0.981345331254843 -1.34196323334975 -1.18149689414005 -0.59484576154547 0.13674270969013 0.196253290758327 0.590534615197117 0.718217508761821
GS1_SS_17656_10201 0.710856294545122 0.690776344921154 1.04126273835769 1.10271955387347 0.82342570910373 0.438255766316708 -0.99533094017022 -1.86424512389829 -1.37259059977204 -1.37137363312817 -0.474469216590929 -0.220123188020667 0.405154273603257 1.08568202085919
GS1_SS_17685_10640 1.4734986013285 0.833638316618353 1.55986894347161 0.506726571606711 0.482111024095926 -0.704473526380061 -1.10177710023833 -1.55953991359677 -1.73084109218059 -0.796601891332704 -0.0791522492640002 0.311817499503776 0.326788358808581 0.47793645755901
GS1_SS_17855_10430 1.55134652007842 1.69912277341814 1.76674919443802 0.381158968208581 -0.9808872447769 -0.635491561123539 -0.762979888157303 -1.15621500297658 -0.670807580989474 -1.12114945133664 0.198317163228919 -0.551334237187695 0.320796125742692 -0.0386257785666428
GS1_SS_17974_11098 0.762755591587468 0.804233569087368 1.73878277836434 0.721607178040462 0.160406846827285 -0.970703720068401 -1.28143544708241 -1.5050681294031 -1.25789516473286 -1.21552265650368 0.372598951926093 0.737379167214658 0.170999973884581 0.761861060858186
GS1_SS_18031_11746 -0.131749584313551 0.702148067197979 0.74249795356144 1.07504826700696 0.199791981972888 -0.743050362719987 -0.957005635162239 -1.19940757749073 -1.60788292711017 -1.55072058809527 0.468118726289904 0.64364073197096 0.714925531213074 1.64364541567874
GS1_SS_18075_00106 0.614256481359484 0.909621615131723 1.12636612243528 0.817920681435021 -0.660466297307506 -0.443964660429933 -0.803759848638335 -2.0934018106158 -1.51398236576717 -0.633750550449216 -0.042881499804174 0.944560260698345 1.00111437417758 0.778367497774695
GS1_SS_18171_04087 0.821408305181261 1.36962605310741 1.46665574300585 0.95967561328653 -1.00517560715676 -1.2596359689154 -0.861086517657585 -1.14708152863322 -0.479032113682501 -0.304621246090066 -1.15072014200441 -0.336641043756549 1.19497261129023 0.73165584202521
GS1_SS_18237_09518 1.296082753765 1.25517105067898 1.41881786302304 1.02489660759483 -0.766451534671454 -1.48299079157797 -1.01133730028632 -1.44207908849195 -0.603622956389109 -0.467796102143535 -0.183167539245107 -0.296551402083495 1.01349977602087 0.245528663806221
GS1_SS_18414_15960 1.05866049480546 0.443105445882854 0.795484393780941 0.621234112155236 0.476902797803897 -0.858369630552062 -0.638963870540045 -1.70330342857813 -2.08560134375059 -0.758639739637509 0.351132324261655 0.297388994157701 0.645889557409111 1.35507989280149
GS1_SS_18454_09306 0.898889074497598 1.24020277709599 1.43593108568122 0.434497308858713 -0.65525637431229 -0.863235508616821 -0.826483031458897 -1.79201903989459 -1.16665712236247 -0.59286263402093 -0.306250292773864 -0.0441396029654138 1.01142572936101 1.22595763091075
GS1_SS_18505_19852 0.804484130264512 0.862156688739774 1.82937355483532 1.50977145995157 0.597824129061489 -0.502400075017628 -1.18281611386223 -1.20204030002065 -1.09510576451444 -1.03478988044239 -0.566440645157867 -0.753876460202469 0.141970614779937 0.591888661585077
GS1_SS_18543_17835 0.655499375316376 0.909413217834941 1.26464487653896 1.28570114640636 0.892815922762996 -0.282371656659513 -0.72083751154523 -1.86778491726323 -1.8083319199906 -0.458253440257739 -0.790199341696643 -0.0732952829173973 0.45789247563144 0.535107055839281
GS1_SS_18765_13212 1.4061300799988 1.22553641234434 1.92290580590233 0.588642744416281 -0.511311609805268 -1.00548997421768 -1.0036377314725 -1.19071424873507 -0.92213905068485 -1.29907044932775 0.238291029166628 -0.0228751979028982 0.385451715270699 0.188280475046932
GS1_SS_18835_05698 0.612584865620244 1.00234541003718 0.652386066918113 0.499005827770229 -0.241684820773033 -0.760556579156223 -0.756673535127162 -1.82790830664419 -1.67501344799994 -0.753275871601735 1.57849206784901 -0.00384837399308659 0.583462035402292 1.0906846616983
GS1_SS_18864_11279 0.527207803268375 0.760426154215756 0.558817124182656 0.363051834150515 0.221473951399998 -2.39227157630185 -1.0030552033465 -1.03572702244277 -0.408056221430631 -1.1039925306358 0.704379375115645 0.460536042348338 1.15620672700801 1.19100354246827
GS1_SS_18874_09175 1.44591464193545 0.336011484485167 1.46764805960328 0.591941213228768 -0.121139714734735 -1.43488734134537 -1.02982140170872 -0.533325222228089 -1.63873181050572 -0.995722418816088 0.124672733370392 0.66575989047985 -0.183716969054181 1.30539685528999
GS1_SS_18897_11351 1.15035778174117 1.14481400331856 1.25236330471712 0.937144063607735 -0.889752677777913 -1.44080425298497 -0.992866956438388 -1.3066448151579 -1.02612962697403 -0.72676559215329 -0.183475306737883 0.248939410225401 0.950781758527346 0.882038906087029
GS1_SS_18925_13603 1.26705248413221 1.07704516010805 1.28062443584822 1.03051275422459 -0.7842510752306 -1.73428769535137 -1.04017930758967 -1.07895631249255 -1.12936641886631 -0.392215555662396 -0.239821926394044 0.255360426215844 0.788156473581534 0.700326557476492
GS1_SS_18932_07716 0.956751086529534 0.617957451361026 1.19821174363858 1.00381318581103 1.25703936774045 -0.00080219487411642 -1.02921602349138 -1.78060522224711 -1.4303134605496 -1.32335414400074 -0.523833252798031 0.283709587145845 0.401364835349589 0.369277040384932
GS1_SS_18938_20926 0.717241042333677 1.15936230612139 1.31950071662717 0.999920149574324 -0.837145920510524 -1.30711734264707 -0.804073857471286 -1.45333067397844 -0.847589729891336 -1.04776274302357 -0.45420624321408 0.756231264022042 0.799747136442092 0.999223895615603
GS1_SS_19166_15507 0.716340106657752 2.33730321924458 0.515879742244917 0.707019883632778 -0.564560814477294 -0.491762315714654 -0.592269585632625 -1.21193846783365 -0.967597485827555 -1.66787370229863 -0.190744301799928 -0.0809168088569818 0.695432579331458 0.795687951329835
GS1_SS_19266_01335 0.549551711540769 0.70318195807257 1.43391043837126 1.74117093143486 -0.787819280704009 -1.13644176321848 -1.16204680430711 -1.67414762607978 -1.09704939231289 -0.0289252552078189 0.150900917976199 0.587171425755608 0.691167284946365 0.0293754537324542
GS1_SS_19272_17659 0.684092789117391 0.684092789117391 1.57196274634869 1.60173563114207 -0.681206642122114 -1.05443101935347 -1.34152669414683 -1.70943448480794 -0.889616835675808 -0.323613029407281 0.797867741720683 0.159452026365388 0.0983112808075443 0.402313700894285
GS1_SS_19343_00431 0.703254599378234 0.833466145312592 1.13504805917205 0.759754436838257 -0.122915209308726 -1.35094478906896 -1.33036537807359 -2.45100784954888 0.218328842105453 -0.31037493492112 0.303639854958998 0.819621814279341 0.166319057953512 0.626175350922838
GS1_SS_19440_11634 0.83567867845075 1.1651785277473 1.18624244505393 0.362492821812549 0.103557095493202 -0.492401307732208 -1.17742998985422 -1.95679493019949 -1.55357137032974 -0.859966664732883 0.257323691831594 0.398151024681628 0.692744953870053 1.03879502390753
GS1_SS_19630_19036 0.970255493033687 1.37708425177223 1.19393624968329 0.176113746271001 0.794163192664569 -0.545969770161611 -0.861224527855682 -1.48422797758444 -1.87154096560859 -1.03386403802148 -0.241223504390675 0.0896438698749129 0.433571798387826 1.00328218193497
GS1_SS_19748_15238 0.933142447176692 1.46978113485249 0.471478056540254 1.23008498323405 -0.115020385324279 -1.63592755383696 -0.42747484490702 -0.79754502044119 -1.03022387332196 -0.956357570820125 -0.219171871851859 -1.09116357288596 0.801660428723435 1.36673764286244
GS1_SS_19770_12555 0.874429092872017 0.600826697413959 1.77942163169482 1.68876048290399 -0.761357063168345 -0.577282552141237 -1.27715424182478 -1.5047784832532 -0.836314405829339 -1.00193289728117 0.213897865967358 0.401695959891231 0.369316978180219 0.0304709345744708
GS1_SS_19902_08477 1.05745916336239 0.535084143701969 0.325133417409332 0.491052532849367 -0.899946082721491 -1.94669755889927 -1.49417268554593 -1.12490758544115 -0.827894355871777 0.575313024526393 0.485048222278557 0.543089891129715 1.17254178263624 1.10889609058566
GS1_SS_20075_02432 0.851268424964972 1.57088350628856 1.58566233102348 1.03316165247172 -0.353774207267262 -0.4685943071309 -1.27233500617636 -0.757349805797869 -1.34622912985098 -0.875580403677258 -0.957432356055297 -0.348090043907676 0.372320820286254 0.966088524828609
GS1_SS_20131_12507 1.05566110839774 1.2601954481498 1.17882157104414 1.29318485778723 -1.02047240478448 -1.42074390838529 -1.09656797634815 -1.13043710357591 -0.999359182616528 -0.249839795654132 -0.552022787932985 0.0541026318053842 0.846728180694021 0.780749361419162
GS1_SS_20176_10310 0.985176689880918 1.01376443865457 1.06039693665413 0.386455965564736 -0.840384231806485 -1.66861794627706 -0.79882048358948 -1.56116045088675 -0.903033979118947 -0.843425481676022 0.545411958745869 0.710247701674774 0.92860944230753 0.98537943987222
GS1_SS_20246_00899 0.206198962324324 0.411155826178177 0.901625478620321 1.43519700961041 -0.235160027516146 -2.06476045829275 -1.21970884932317 -1.14051180154788 -0.892304431978672 -0.338562071126243 1.21777669614688 0.0865116276569487 0.622843377470306 1.00969866177749
GS1_SS_20253_14195 1.10209351530174 1.32230602220993 1.4531253332445 0.71547884475757 -0.730467000107531 -1.0171793234583 -0.945228702389283 -1.39001435990682 -1.18942474965381 -0.982294173849078 -0.42413178010158 0.613919452957732 0.731438800703788 0.74037812029115
GS1_SS_20271_16487 1.28740380323306 1.09386624608689 1.21872918618119 0.734885293315756 -0.4831526873042 -1.51108684163058 -1.08561637325923 -1.1805122077309 -1.68370985631095 -0.20158675739154 0.0369014581885851 0.422727943079991 0.497645707136575 0.853505086405348
GS1_SS_20305_09811 1.11745451703031 1.47645497732918 0.809359329373811 0.707664590689148 -0.925704784670671 -1.41705564507973 -0.711131698492034 -1.30124904498332 -0.548009830356231 -0.395145118228968 -0.738759844515035 -0.517238362330613 1.0016479169339 1.44171299730026
GS1_SS_20363_19225 1.23348104659509 1.12266054747574 0.667970558441913 0.897108237503404 -0.157316217352814 -1.61069446903871 -1.19381382676325 -1.04221790282087 -1.12829935522505 -0.744012977396459 -0.70131449097106 0.555194403455746 1.01640324537894 1.08485120071737
GS1_SS_20416_06620 1.22405422622702 1.25509802531387 0.9854050207468 0.553314142206601 0.081254372342074 -1.41854917104173 -1.26333017560744 -1.12363307971658 -1.30019468702309 -1.18184020300444 0.0308081988259305 0.423318233530386 0.851140589696141 0.883154507504463
GS1_SS_20672_01501 0.906493352202756 1.44833238202232 0.981748773011028 -0.0355372820483508 -0.584232916874888 -1.93648921166531 -1.04178587538918 -1.01168370706587 -0.737419506786838 -0.847794123972304 0.237556278351446 0.449943799299237 0.948301919318463 1.2225661195975
GS1_SS_20880_05341 0.948648609741695 1.12760301076724 0.819110026272065 0.720888462981905 -0.956809046632616 -0.465091158360142 -1.14654138317448 -1.85971534271607 -0.670909055266913 -0.739826835389138 -0.70261245426678 0.537866916478503 1.42043748517269 0.966950764392035
GS1_SS_20937_05036 0.11289237409368 0.538874276697442 1.68444563774968 1.40369909663748 0.532130086045026 -0.351358889421464 -1.07283044758689 -1.43199781023881 -0.788947073613104 -0.718368334227356 -1.37396640229942 -0.460050148075517 0.655093934219307 1.27038370001995
GS1_SS_20960_09216 0.671556374777805 1.32047003456866 1.38683620432 1.43476732691819 -1.01230083219086 -1.74712181171539 -0.61520991651202 -0.969531522795551 -0.890629520980072 0.841158808586779 -0.850441118186206 0.165414781169228 -0.133317783928696 0.398348975968131
GS1_SS_21031_20931 0.702682081523293 1.47539171313944 1.11085393124762 1.39530386711775 -0.604130633561629 -0.960383465865 -0.987999964493168 -1.26968825050048 -0.943813566688099 -0.678695179857684 -0.863725720666411 -0.380436994673467 1.10615912648083 0.898483056797006
GS1_SS_21112_10389 0.395887818444501 0.595645888881439 0.958700728287107 0.400562344273758 -0.840680080921757 -0.362631906116354 -0.805465319674684 -1.70577899438968 -0.99525106834254 -1.37544583578882 -0.123296183658369 0.97116613049846 1.39187345513164 1.4947130233753
GS1_SS_21138_16019 0.538680467129284 0.601357001760642 0.56946894028153 0.546102688335629 -0.592795921215757 -1.68633651228392 -0.878963783282615 -1.3757028099443 -0.624683982694869 -0.717324299233323 -0.0182610204283091 0.435594061485603 1.03514459670925 2.16772057338116
GS1_SS_21168_18055 1.09068503099852 0.856113743571045 1.49601041736217 1.44254196213973 -0.395738024185286 -1.51892054163213 -0.941116267454165 -1.33436813167081 -0.882473445597296 -1.07220022219305 0.404219057497527 -0.146885484846786 0.420259594064259 0.581872311946277
GS1_SS_21298_12070 0.628172020241818 0.862111343240611 0.915251607211617 1.08933178228905 0.07752894012847 -0.615737722022001 -1.20394547149416 -1.44857392805034 -1.360006821432 -0.456316930108986 -1.33252047799872 0.575337160086738 0.847146556260271 1.42222194164764
GS1_SS_21398_12990 0.599405059095822 0.699942573375834 1.93208566505198 0.786516544005845 -0.551470208537316 -1.2786915618294 -0.207129222128275 -0.83269597764835 -1.87716904266848 0.0802405061887596 -0.526056559094313 -0.718334555154837 0.881747911698856 1.01160886764387
GS1_SS_21409_00570 0.654652198366109 1.35327532900065 1.51238583257449 0.629048209285262 -1.04801307551023 -1.43024405536002 -0.872442864670131 -1.53448886804632 -1.21827960289786 -0.143460718411155 0.546749672953968 0.168359291466305 0.621732783833591 0.760725867415333
GS1_SS_21446_11552 1.33523670687574 0.119341073842019 -0.273312688330885 0.47006740039307 -1.30386243532197 -1.69751446977159 -0.84898303456743 -0.809052143498999 -1.05429436614428 -0.26665753981948 0.897993449676421 1.27400934057081 1.00181376645434 1.15521493964223
GS1_SS_21556_10554 0.8959460919685 1.23057012353659 0.990916427730264 0.416766006435954 -0.545986224392919 -1.42917215515329 -1.05043656682722 -1.25412629500259 -1.41485022114096 -0.501429096354558 -0.331157214207964 0.68251744866475 1.07557497100315 1.23486670374029
GS1_SS_21570_13445 0.551866573845009 0.851542181163877 1.15781615047876 1.5060630336016 0.0672535428045883 0.312492663656359 -0.922500756597179 -1.38621897465023 -1.78212069441094 -0.959158323241688 -1.06179950984632 0.0800836911301668 0.818733659017041 0.765946763048947
GS1_SS_21642_13400 0.73794189238512 1.18111464267458 1.37538214965078 0.447754803839419 -0.122096549957438 -1.02867824917971 -0.710969930479049 -1.74099244142578 -1.0165365299937 -0.88297761894756 -0.889048478540567 0.36154859761873 1.20721933892451 1.08033837343067
GS1_SS_21648_07180 0.166723367430444 0.426658416646131 -0.0293142101820094 1.24381849102381 0.858816856640593 -1.19789353666119 -1.45422445859088 -1.46163481375836 -1.03654989460558 -0.185706387648439 -0.444395149858686 0.201653087015343 1.11582144722187 1.79622678532694
GS1_SS_21651_02102 0.127912743584772 0.97044869751418 0.678257708086029 1.49802242001735 -1.03797484671754 -0.671238001906166 -0.600767000354176 -1.92485479822218 -0.92771409598994 -0.193281617230422 -0.776704806949961 0.366890935922643 1.29739579314994 1.19360686909548
GS1_SS_21692_12031 0.882305295513978 0.849855267016482 1.77667362480463 1.6343489384121 -1.02427620340033 -0.77093826162163 -0.61836619780884 -1.43986428766651 -1.22922375180557 -0.726532959467161 0.598794520220062 0.33919429224009 -0.0284873025863673 -0.243482973850921
GS1_SS_21707_20459 0.763805703633811 0.505626171766667 0.742462862332793 0.922844295263971 -0.513150260981081 -1.59251282387365 -1.24655225117168 -1.63898513960974 -1.21212831358939 0.0322970300102375 0.856750335105982 1.32336680903387 0.848316470398322 0.207859111679895
GS1_SS_21752_11739 0.984887518974319 1.12532063264383 0.790212115149966 -0.236880569950385 -1.12160918606827 -2.41359383182773 -0.856366142624995 -0.651158255275428 -0.285681076950539 -0.0418540833418582 -0.101713698043485 0.797058229441355 1.21835757044987 0.793020777423357
GS1_SS_21816_21796 0.267714929028148 0.526097150252859 0.861768376516402 0.109751999021775 -0.591772656202957 -2.3979095148294 -1.07214920941877 -1.17454303726218 0.23894310963413 -0.549179080433382 1.02368037977293 0.454957416417846 1.18982353294035 1.11281660456224
GS1_SS_21987_01202 0.894353798820404 0.765921681284062 1.69440341173028 0.6209936954403 -0.682533383738185 -1.21476079191402 -1.5612918540006 -1.39857189591098 -0.836534097151028 -0.239265836791655 -0.133103141470331 -0.011740681780026 0.914384496050842 1.18774459943095
GS1_SS_22110_12208 0.782810063471952 1.01753686226414 1.41497201021908 1.25226366105632 -0.398025775451908 -1.08966962689297 -1.08086737193826 -1.96989512236366 -1.21236772626161 -0.356148380667393 0.135177486804427 0.397111255456614 0.526477729790942 0.580624934512321
GS1_SS_22122_04384 -0.103750310450613 0.544329144980586 1.84347459711225 1.55452672931056 0.722028350502044 -0.496480487359382 -1.048990622174 -1.47457275304472 -1.08482911740522 -1.19533114436814 -0.581596913533526 0.101873055938502 0.347217421208885 0.872102049282771
GS1_SS_22129_12780 1.15172720090931 0.150559758134136 1.56352933394981 1.40900541117241 0.519501814041562 0.132897638436441 -0.424440360913074 -1.25848490219316 -1.17017430370468 -1.28007193737923 -1.24474769798384 -0.391078579261871 -0.322392558215276 1.16416918300746
GS1_SS_22290_08000 0.501409997800215 0.367374395521091 1.24353044109006 2.20704515395916 -0.477735064855431 -1.83115206486556 -0.901039195375923 -0.820532188256194 -0.672793265616265 -0.198744026884666 -0.5635949314911 -0.369821417014092 0.627737482376386 0.888314683612319
GS1_SS_22409_12566 0.937255944005201 1.34402903414238 1.24663266044756 1.26191052298792 -0.225007448752941 -1.57786217670211 -1.02308479320517 -1.62560549714075 -1.0851511097754 -0.543741856001271 0.310863579850304 0.200290049714424 0.277252282261504 0.502218808168355
GS1_SS_22426_13510 1.01227210574247 1.00122839488184 1.13115440500684 1.14089885576622 -0.802144625653162 -1.25948418129316 -1.14677336750973 -1.10532697027985 -1.40207797740535 -0.754072001906912 0.202833062663715 -0.00245003333378572 0.790098628428716 1.19384370489215
GS1_SS_22517_13081 0.950823366116809 1.47124325951419 0.735085664853895 0.195419697580691 0.322534622087971 -1.09300748795291 -1.35416365263959 -1.70615674417382 -0.879162222665981 -1.11571671966479 0.182494359864676 0.222424758958075 0.846739387437333 1.22144171068345
GS1_SS_22560_09618 0.994795914644693 1.16199742287105 1.41823502835727 0.546509517975877 -0.804561492769628 -1.53755633997868 -0.65159540707028 -1.0406106808539 -1.56085066775016 -0.0744137300659744 -0.73519616118346 0.516762661411705 0.779193969826492 0.987289964584995
GS1_SS_22573_00346 0.927470201930675 1.42486063871855 1.53114064657921 0.937389669331003 -1.10885474867953 -1.00399180759035 -1.0875987471074 -1.55097958137987 -0.704990718809031 -0.627052046377882 -0.369145893969352 0.270092926643219 0.811270726669689 0.550388734041061
GS1_SS_22796_07337 1.50423997436548 0.520928120373357 0.223654590197972 0.902093000755561 -1.19665227619553 -1.82510664185638 -0.895871093746693 -0.801456786719506 -0.86664065813456 -0.0189580253827258 -0.147279637719986 -0.0712805051284425 1.18562822619324 1.48670171299821
GS1_SS_22894_07702 1.26369436628731 0.957909308547825 1.2664997337895 1.02059715026359 -0.179130384009337 -1.42526770165194 -1.17243828478727 -1.46336528501511 -0.491876909254271 -1.31097495156243 0.85435315013339 -0.28649630076009 0.381596774763141 0.584899333255695
GS1_SS_22951_10604 1.02365789743172 0.816349113899139 0.708250675208919 0.252555701441483 -1.62187122544692 -2.10711310578969 -0.920432467723722 -0.932443405355968 0.00921410501216634 0.456741641189675 -0.343907461375884 0.720261612841166 0.646754674531817 1.2919822441361
GS1_SS_22983_21250 0.835011504357529 1.18104239341254 0.885526962613734 1.43993411697559 -0.00202963894779395 -0.762539862994966 -1.6566634741298 -1.77284902811907 -1.06727436492552 -0.704447086000329 0.317733211813986 0.56475380268683 0.725140382650282 0.016661080607002
GS1_SS_23217_13390 0.804935338015315 0.987347476162874 0.979929255737687 1.24622434792391 0.759855383123791 -0.0562059268808759 -1.34825069309039 -1.37297809450769 -1.18086520657334 -1.05913030728821 -1.16184412856004 -0.324916695974784 0.618528773484962 1.10737047842681
GS1_SS_23413_02528 0.553620048540969 0.749552636236416 0.950641344660691 0.770177119151727 0.505925931799315 1.45336311572138 -1.17368039561626 -2.02444031587281 -1.48820376007474 -0.872047332979848 -0.419855545061672 -0.111519525477784 0.638696040566624 0.467770638405991
GS1_SS_23467_08756 0.658233634924011 0.928013035311258 1.53782688826993 0.835276366428142 -0.965501131156736 -0.579941404769961 -0.53385409053714 -0.868830179351306 -2.4301784590925 -0.51418267592557 0.874619195651282 0.26030901935282 0.480010618543185 0.318199182352584
GS1_SS_23733_11541 1.31936584676707 1.22073680061072 1.01844233147304 0.0896505053284309 -0.932314292078762 -0.152934978409293 -1.03933729961011 -1.04353428029761 -0.829488265234917 -1.37719424495417 -0.535699617109646 -0.424689477925169 1.34244924054834 1.34454773089209
GS1_SS_23824_07279 0.600620838606294 0.882451826504299 0.520768725368526 1.30960191753721 0.155709523856892 -1.64521984620593 -0.937706637003647 -1.67604511050727 -1.15348348711306 -0.654407779377007 -0.142121244083239 0.575667053219492 1.04538536638283 1.1187788528146
GS1_SS_23827_11035 1.61616043858132 0.663463049031931 1.774591268329 1.06693356212269 -0.113904222263356 -0.825153027277278 -0.887046671432039 -1.13419876583842 -1.77003449589245 -0.639683335919327 -0.377533122963497 0.306254338227493 -0.018000759989427 0.33815174528336
GS1_SS_23912_01766 0.890209910405781 0.498118313425806 0.935833031962847 0.918652776983199 -0.173247872834454 -1.25617661171829 -1.24987718489242 -1.74810457930222 -1.59348228448539 -0.0778020118364077 0.192882449954053 0.743605067912781 0.825115833205113 1.0942731612196
GS1_SS_23921_09738 1.5116447298287 1.16890681485064 1.10035923185502 1.36273101504513 -0.403432916483221 -1.14280132893245 -0.847337609123777 -1.5257223098045 -1.30589730226684 -0.379323076946832 0.672527765572058 -0.615457681817927 0.15534807041895 0.24845459780506
GS1_SS_24176_09841 0.522711374090329 0.859364930034985 1.23369549425364 1.22122684403347 -0.792731224137865 -1.02313019559757 -0.879469660452108 -0.963497520631531 -1.86069822125698 -1.02855134786721 0.269055659393864 0.854214835378827 0.707030551258095 0.880778481500064
GS1_SS_24204_03457 1.72723507918808 0.416267534548258 0.112214261934057 0.590911210929841 -1.10445481723393 -2.54537914455978 -0.867112693065225 -0.24336573504338 0.0195573558224702 -0.525121159680925 0.270807135682136 0.901895511953964 0.496977536426953 0.749567923097485
GS1_SS_24218_01517 1.04808351901401 1.21597138461986 1.58086160414153 0.617483220824975 -1.24746387077234 -1.32632449064559 -0.763643311009376 -1.14707643304178 -1.31524137650124 -0.0965250942437096 -0.51640461086619 0.839998050953843 0.539688285004059 0.570593122521957
GS1_SS_24381_01934 0.483306308386876 1.01527673495548 1.49092088106388 1.5046895273986 0.209059907301743 -0.443699098475969 -1.29034567854892 -1.79352711732676 -1.44555587359482 -0.57187267890097 -0.420417569219084 0.421973247441319 0.451262913280625 0.388928496237998
GS1_SS_24392_21127 0.410567703591476 0.775920078192045 1.74960898060475 1.68827884577972 -0.408627668714357 -1.33909342848847 -1.11246397789691 -1.3110567954256 -0.397383810663101 -0.665630138457364 -0.523694683576567 -0.391396821311133 1.08665942797223 0.438312288393278
GS1_SS_24766_19215 0.290722256512392 0.675817430138806 0.798020698780504 -0.868460179720102 -1.0146777728891 -2.13445806499428 -0.75388420694075 -0.514407101044373 -0.404827173589702 -0.4351365152261 0.640678578021883 0.957094781918348 1.10697614165878 1.65654112737369
GS1_SS_24919_11176 0.950638751805109 0.785765410129343 0.911939314661769 1.24374691478425 0.0447513355977078 -0.104092653415136 -1.27057154577118 -1.98502269303283 -1.62321730435545 -0.677485497243077 -0.192025102308878 0.376329944967859 0.57486492723576 0.964378196944756
GS1_SS_24922_02749 0.853340137013689 1.14951059861231 1.77901359493791 0.920907542701588 0.349512515267589 -1.08697052965714 -1.04079946910375 -1.53066316034102 -1.51264518549091 -0.731115526367543 -0.0362973712103148 0.420852434439729 0.454354606426645 0.0109998127712145
GS1_SS_24950_10464 0.681321783757803 0.458152623202351 1.43053253705111 1.23286842341628 -0.652592170190787 -0.636970328951905 -0.670621050232802 -1.9217870675783 -1.08012051919773 -0.383689272375792 -0.753337105527249 -0.0180584841143341 0.821599541821231 1.49270108892013
GS1_SS_25145_17267 0.583383044085264 0.687920346998553 0.322185381931445 1.40162767134528 -0.106446679038925 -1.52629038100327 -1.55835042849841 -1.49862730641619 -0.835295896843839 -0.405237003605294 0.0388572601079602 0.780227659041765 0.615413972554517 1.50063235934115
GS1_SS_25201_14196 1.10257459474061 1.3548355839823 0.743057477008603 1.19660736492389 0.74588298092036 0.148910514444268 -0.920260165764713 -1.24801861952857 -1.68088581880979 -1.42546026518693 -0.637709774588978 -0.399666721031245 0.647442424634734 0.37269042425545
GS1_SS_25524_14233 0.634034015482948 0.292509503786714 0.731990658372566 1.98954215492847 -0.196267669464129 -0.203627655065025 -1.16836821368602 -1.60784936827187 -0.86598929446994 -1.1723394289383 -0.241221826119959 -0.381802846050735 0.731990658372566 1.45739931112271
GS1_SS_25559_06386 1.07383268788698 1.43266545546426 1.15995255210553 1.24812288928166 0.281940031667862 0.152760235340042 -0.867965202945499 -1.43184526628122 -1.66149823753068 -0.598122961727385 -1.20219229503177 -0.309621416595252 0.181261809450466 0.54070971891502
GS1_SS_25734_15387 0.654092741485271 0.756987680339872 1.27918827445862 1.63738908548829 0.899916827486025 -0.585563006489959 -0.922693181576707 -1.23524094806338 -1.69177139349335 -0.901622545633785 -0.536398189289808 -0.592586551804266 0.430392823224585 0.8079083838686
GS1_SS_25788_11581 1.23284053687359 0.573088371749171 1.62040795226058 0.99467888085334 -0.281778839518546 -0.352043924369241 -1.29078545797452 -1.75527465046122 -1.3366426712455 -0.969784965077665 0.638176029295078 0.0538663763261417 0.620424849964376 0.252827511324425
GS1_SS_26003_09126 0.992353504834509 0.738196023246584 1.57662357745043 1.2085334317024 -0.48847899421054 -0.477085727794529 -0.951016397196933 -1.92899685824509 -1.32427733308761 -0.343667656712684 -0.215624870298905 -0.368995764360584 0.540420603666095 1.04201646100686
GS1_SS_26016_13082 1.05032310259255 1.52215607611211 0.99617833513948 0.799639861072836 -0.582458066576499 -1.383378717603 -0.905217134900612 -1.53807805318319 -0.889044022544502 -0.26954350142567 -0.78005130884028 -0.0339786040649335 1.07845025451622 0.935001779705498
GS1_SS_26052_09647 0.672401726554337 1.3296667276428 1.19225364177292 0.859316634924331 -0.372599957795885 -0.597427633231184 -0.978210883232057 -2.02950376910403 -1.6122977734509 -0.397102532143768 0.0134811461180433 0.843257515250381 0.549888854814925 0.52687630188009
GS1_SS_26061_07590 1.00423153449584 0.999425339611236 0.906505571842212 0.909709701765282 0.436619918624028 -0.324360938105047 -1.2979358152298 -1.94036386480529 -1.33638537430664 -1.25307799630682 0.158661647797724 0.25718864293212 0.573276059842954 0.906505571842212
GS1_SS_26117_09177 0.735934802430799 0.542318048019124 1.01188692084478 0.870373013965816 0.232942917780455 0.260962671342491 -1.16935698018509 -2.14773267274375 -1.42472525759849 -0.758966650236087 -0.264311221190977 -0.158819036063021 1.17977387400574 1.08971956962821
GS1_SS_26164_00448 0.584410201583337 0.753798806443369 1.77286250987549 0.305465418418672 0.918542885041109 -1.37995119993864 -0.937628375312205 -1.12860036692053 -1.27613237760507 -1.3007210460525 -0.243954717667656 0.803795765619798 0.182795283608746 0.945317212906082
GS1_SS_26205_01516 1.21582501334083 1.33072355872514 1.56163616935187 0.661411643865049 -1.04533373902819 -1.05849687335377 -0.782071052516553 -1.27847738937112 -1.30524986596553 -0.215386964601674 -0.435144376647405 -0.29129809094539 0.67368236230415 0.968179604842592
GS1_SS_26277_10922 1.0127426528355 1.2984799678694 0.398913612368618 0.503869907406375 0.476804406126954 -0.412018391614053 -0.81924055208535 -1.33782382087427 -2.06094790085882 -1.47625043047131 0.325774776850181 0.561719833805139 0.737335681801386 0.790640256840247
GS1_SS_28001_16419 0.802460655700625 1.66662029675507 -0.0168374532391806 0.549395602746245 -1.67211295869988 -1.08833789336193 -1.48518990822221 -0.928734365646384 -0.117344539611403 -0.443740943137791 0.172213644274694 1.50595274552142 0.812525743034038 0.243129373886683
GS1_SS_30455_14666 1.23983322803473 0.233582930999471 1.36767233868615 1.6074976973009 -0.378174975297466 -1.80147750612718 -0.896035156441849 -0.768399287619764 -1.35983301098325 -0.431017850924444 0.963221098310435 -0.256229877696747 0.119767506572134 0.35959286518688
GS1_SS_31508_18067 0.574951866214707 0.856285475243533 1.39959344384526 1.36836884794861 0.409836203113216 -0.523841663388446 -1.04216995527285 -1.46057954028798 -1.4855592170053 -1.11086406624549 -0.498861986671125 -0.267175485117973 0.668937899863627 1.11107817776021
GS1_SS_38270_20709 1.24576007166975 0.798190605825632 1.53379982691597 1.28453465410674 -1.29314419404377 -0.804584455337691 -1.42414689042018 -0.895150801458377 -0.891827265820921 -0.281681515044559 -0.891273343214678 0.799852373644361 0.324475992966854 0.495194940210862
