V3 V4 V5 V6 V7 V8 V9 V10 V11 V12 V13 V14 V15 V16
GS1_SS_00045_14409 -0.142062795821882 -0.632209177420974 -0.579841500985714 -0.690416414897576 1.96752572359711 2.02592133401053 0.897567442473808 0.90416049526242 -0.675346579952178 -0.554787900388988 -1.39681492796314 -0.386947613684611 -0.240920913063698 -0.495827171165116
GS1_SS_00099_21780 -0.84887866800408 -0.779693526635921 -0.296345278721384 -0.0338208381874094 2.69093644172297 1.45982002203477 0.603061559064687 0.586570854135838 -0.338993653537372 -0.354157520138613 -0.133333712758049 -0.650800660525378 -1.01378571729257 -0.890579301157491
GS1_SS_00142_20039 -1.17689807095456 -1.13465798235861 -0.555050505798623 0.19461924049982 2.45023997152321 1.61829387874223 0.328134650974824 -0.101245032230898 0.259081288748412 0.621060482759738 -0.418413001818701 -0.900133664371571 -0.816939055093474 -0.368092200621794
GS1_SS_00167_19962 -0.338207448144194 -0.251030492263199 -0.395495162008849 0.247123541342491 2.44647359971161 1.65814484153061 -0.269711268523412 1.02175306359934 -0.28091973427954 -0.908220201097505 -0.676952190996064 -0.106864714937712 -1.26975549098683 -0.876338342946741
GS1_SS_00183_03382 -0.80767809787952 -0.983607151123182 -0.818340464742772 0.609936888424177 2.26841474216874 1.91122545224979 0.517654103222729 0.394503765952166 -0.0410539204116864 -0.26443050619682 -0.78102218072139 -0.45422063636271 -0.887645849353912 -0.663736145225615
GS1_SS_00385_10561 -0.561668885496417 -1.21737237447673 -0.522905398637465 0.255094161559827 2.30955896508432 1.81546099878359 0.167739824976271 0.922099117835638 -0.41371247790802 -0.311071132422343 -0.966228656799009 -0.139638246877115 -1.01536547112726 -0.321990424495287
GS1_SS_00435_10744 -0.635510360865387 -0.903715143165507 -0.641605924099481 0.233412178154662 1.97948626656079 1.79357158792093 0.675035734464746 1.22704994094427 -0.687322648355183 0.144721733098599 -0.480073498395999 -0.723896027759745 -1.04696087916671 -0.934192959335976
GS1_SS_00462_14207 -0.802752250921723 -0.897481328958991 -0.229578176077558 1.1234056691694 2.45719108793413 1.63241658182299 0.220321791880774 -0.13358604366646 -0.211642803969169 -0.173372256442113 -0.551404430529504 -0.57792857237994 -0.801489196547892 -1.05410007131394
GS1_SS_00479_12977 -0.509040513431276 0.00809185295527289 0.320591285471185 0.938211873053301 2.53107097381086 1.4158410725631 -0.284427465404795 0.15134796556286 -0.832901187329922 -0.99744330390746 -1.13325584457463 -0.0715674257052813 -0.562581995809681 -0.973937287253526
GS1_SS_00493_13995 -0.624818432527392 -0.72051650374837 0.0606087784399526 1.24006705793269 2.15124356511362 1.99910816983924 -0.0424506828749465 -0.0108784986943504 -0.50703619102465 -0.648538467274472 -0.557747989449442 -0.549568667122863 -0.770410369940503 -1.01906176866851
GS1_SS_00512_21477 -0.53316176929829 -0.414824862229551 0.0568791978916704 0.0223642666632883 2.74493491332114 1.7965960886175 0.373266067485173 -0.184725320707004 -0.427973407459411 -0.803528730587282 -0.736142436284251 -0.506042894761704 -0.608765904369984 -0.778875208281295
GS1_SS_00610_06745 -0.534118873722756 -0.481230387384633 -0.108451862711089 1.31356598770264 1.81174140740367 2.20413985442845 0.201201694397599 0.0228310090217681 -0.713257295190592 -0.498291189429189 -0.652691447932419 -0.5017033498381 -1.0357064538327 -1.02802909291265
GS1_SS_00783_13825 -0.697221978094202 -0.905706265634834 -0.680660142168077 0.499565512696869 2.25760439625503 1.79484721596625 0.198091387559259 0.936554424735889 -0.276356500442085 0.0314013800910247 -1.1385461942433 -0.634871536960555 -0.619283926677143 -0.765417773084128
GS1_SS_00806_21326 -0.471646779083996 -0.521007901821641 -0.208456158056976 0.523819704518595 2.84245281849979 1.1854030197079 0.217760133473078 0.0807031538466343 0.34873714182286 -0.426304620410587 -1.11571153296766 -0.676716996720555 -0.714845630150468 -1.06418635265697
GS1_SS_00814_18526 -0.858436777537423 -0.822714648679232 -0.765162329963259 0.96081186270165 2.68797679299517 1.25512251323885 0.152162093487932 -0.425802105810448 0.0997894834563962 0.0862746113717141 -1.28511776112137 -0.409925604095697 -0.27497533952031 -0.400002790523977
GS1_SS_00835_12289 -0.784216562749794 -0.617971878858774 -0.852249817144686 0.589155125190676 2.56132534013989 1.88364000453318 -0.21559621084229 -0.113413968832841 -1.02034754687526 -0.277011444381648 -0.45119775329931 0.193397478029727 -0.479787603395218 -0.415725161513647
GS1_SS_00836_18856 -1.00999904399438 -0.833753515739363 0.077377395258609 0.814685109906491 2.42386525295526 1.73057715602794 0.328130511761718 0.149379122915398 -0.205617794185939 -0.431145247403259 -0.696766470081435 -0.945681955484255 -0.813706631008935 -0.587343890927847
GS1_SS_00886_16905 -0.347916591424711 -0.69805958567794 -0.649303962647182 -0.168175712490424 2.16542364754643 1.77731918561005 0.724707115251965 1.15877769939894 -0.387576016128835 -0.263746436242258 -0.632566957726176 -0.517348445588812 -1.114059055816 -1.04747488406504
GS1_SS_00983_10884 -0.580977193268321 -0.190017472042967 0.123179931004598 0.586746457600375 2.18724676690974 2.00966799243375 0.388545631894921 -0.0847590855592174 -0.134166083296487 -0.874555005910071 -0.815839443381721 -1.46743897875731 -0.686951623197538 -0.460681894429751
GS1_SS_01052_10142 -0.743390157970957 -1.12809455904347 -0.654367651937648 0.308442544564746 1.95907877518307 1.68883188186767 0.518821802572748 1.37947867340192 -0.161564493538972 0.0829294605310804 -0.520833892887684 -0.880103292236396 -0.940511421330428 -0.908717669175674
GS1_SS_01088_20702 -0.724328951232719 -0.755816624939467 -0.671849495054807 0.354648667785166 2.44018225629542 1.81042878216046 0.462231552949887 0.503165528768659 0.0182553536847454 -0.540650854610025 -0.303443712685859 -0.897511156619831 -0.829287863588545 -0.866023482913084
GS1_SS_01130_20489 -0.980876630219337 -1.20285949203149 -0.145601582749414 0.649923045279727 2.14650052526446 1.59309208837463 0.281637990356956 0.958117855749161 -0.101205010386983 -0.033061434202787 -0.639126270871322 -0.299440868377373 -1.20079453517743 -1.0263056810088
GS1_SS_01179_04305 -0.905642544687059 -1.05594474290679 -0.81278067699716 0.415772259151786 2.34548016330158 1.81511444474277 0.680284981241674 0.0440375867395398 -0.567701933403199 0.078118849520575 -1.01477917269374 -0.612696858984902 -0.481541437608447 0.0722790825833752
GS1_SS_01449_19451 -0.716966005164427 -0.830130962486022 -0.389929660611193 1.03864814924674 2.54716817666214 1.65223062426567 0.177971547232042 -0.0108789641147301 -0.131415216821494 -0.863353702250161 -0.694125371576582 -0.497903564844642 -0.679590422929772 -0.601724626607573
GS1_SS_01631_16293 -0.605222816325185 -0.324849443570065 -0.755739048014776 0.489649960776864 2.03559922516199 2.01198883587735 0.25478561336789 0.876329111286084 0.00097392855799143 -0.503698142401226 -0.892089046133582 -0.824799436672353 -0.429325416154604 -1.33360332575638
GS1_SS_01656_12376 -0.446182203101909 -0.476592797943216 0.0468272050312687 0.608027899949776 2.45892403350289 1.96519908196168 0.210328873766292 -1.00609491988596 -0.410405032700373 -0.313806672616223 -0.265507492574148 -0.662634084031208 -0.823631350838123 -0.884452540520736
GS1_SS_01829_15967 -0.450941726845123 -0.263963562128296 0.442947456333251 1.5884558268877 1.89029200707343 1.77543399160453 0.179441799914465 -0.300424304248078 -0.764797931905512 -0.450941726845123 -0.898353763846103 -0.760791256947294 -1.07331190368828 -0.913044905359568
GS1_SS_01853_06264 -0.714753689153288 -0.67351572071902 -0.222277181505587 1.3756940953223 2.38602432196186 1.50258015204312 0.224203130580814 0.0695607489523092 -0.448292970039556 -0.353128427498938 -0.589453708141473 -1.16202703909419 -0.483186635637783 -0.911427077070566
GS1_SS_01858_07474 -0.689904905665577 -0.934587932777452 0.154473698414731 1.07404981640018 1.93511344343132 2.28597388932124 -0.27576700818067 -0.0390511178313612 -0.254897706287803 -0.937652216147669 -0.502523977576772 -0.790260186040204 -0.31407055030839 -0.710895246751568
GS1_SS_02399_11235 -0.173884625647015 -0.172434753855186 -0.539252317187998 -0.253627574197626 2.56637306091036 1.83418780603656 0.366917552705313 0.544816821562768 -0.883596867747456 -0.437761291759947 -1.00901077774069 -0.84372539347215 -0.527653342853364 -0.471348296753569
GS1_SS_02825_20172 0.947428863660766 0.114068881572474 0.387736115762945 0.910491339326979 1.55998758504746 1.54213673685641 -0.909333976642065 0.315234209263914 -0.30336633766437 -1.88797240016213 -0.512083947282792 0.0325042367610645 -0.958355152059024 -1.23847615444164
GS1_SS_02866_10787 -0.748537554555668 -1.11303924716314 -0.912920670829627 0.206109735606766 2.02657617235502 1.90609662129709 0.499140508095128 1.0147521460973 0.00206025866669891 -0.178097510690693 -0.110404339206448 -0.804693277506399 -0.799588211783606 -0.987454630382416
GS1_SS_02965_21769 -0.589855463846101 -1.08441489667727 -0.706458907359141 0.228017172187951 2.05583646138081 1.66903469358928 0.484504539832669 1.40446550106659 -0.400877469187036 0.0872486702089322 -0.577793038655097 -0.843166392857188 -0.831103967666184 -0.895436902018206
GS1_SS_03022_00956 -1.08381318500768 -0.848166048300589 -0.815437279313493 0.943079478363166 2.33961605104255 1.83362928250204 0.267884974159379 0.129114993654093 0.00605482226261272 -0.496004493999437 -0.421382900708859 -0.424655777607569 -0.736233658364721 -0.693686258681496
GS1_SS_03145_03080 -0.945950804032168 -1.16406414069891 -1.02111148085652 0.452037784900729 2.34638158862658 1.08633494774779 0.594106201486362 0.595874687999876 0.921276206486471 -0.23266124358148 -0.408036156171628 -0.256683185390047 -1.12279945538358 -0.844704951133485
GS1_SS_03278_06650 -0.863574939069345 -0.596189603917563 -0.778934976863025 1.58136578739047 1.78911842189689 1.86991111309383 -0.132593447287497 -1.05401485403356 0.339081978462264 -0.382666062897076 -1.15019662926802 -0.511934368812182 -0.29225519417669 0.182882775481511
GS1_SS_03537_10110 -1.13714598760469 -0.662787896389424 -0.831566992514708 0.189635370146479 2.46762018121846 1.09962119157143 0.211310159333094 0.947808836161895 0.629349331104453 -0.822683882192324 -1.01633568722028 -1.00567595483342 -0.333935152254794 0.264786483473842
GS1_SS_03567_07008 -0.763011092057382 -1.1109936024569 -0.543630813762033 0.884610446312519 2.55038759392066 1.66681461099318 0.214365871934313 0.0381051655797735 -0.55422158581767 -0.632895892516692 -0.820503854645129 -0.354509884197076 -0.514884432468159 -0.059632530819396
GS1_SS_03573_11169 -0.0149356892957008 0.311639946104478 0.15424493672651 -0.862739725317119 2.6710443620457 1.18643684605303 0.532525212888533 0.71691308619364 -0.9235687144487 -0.843730666213499 -0.948280491283405 -0.776438596986687 -0.555743420793668 -0.647367085673113
GS1_SS_03661_13282 -0.884964770111145 -0.883451023944648 -0.741158884293957 0.321687711588384 1.87005325291288 2.31660837202941 0.539470372562267 0.47331966508636 0.0978137360405185 -0.280980049678954 -0.978817032433942 -0.945514616771014 -0.618545444807723 -0.285521288178445
GS1_SS_03668_13045 -0.612279658890314 -0.910953693599407 -0.680294538081493 0.99287149002153 2.79437863798965 1.03604615246463 0.192632078807392 0.294388252414718 -0.41119218997726 -0.829927272302089 -0.807452790482395 -0.905039356278435 -0.0643163061022433 -0.0888608059842778
GS1_SS_03709_16433 -0.853208205285157 -0.842872998818367 -0.755023743850654 0.763734846444092 2.5005662931881 1.65721344549806 0.427323875950087 0.403552901076471 -0.17728570235711 -0.419129533679989 -0.615498456548993 -0.724018124450285 -0.786029363251024 -0.579325233915229
GS1_SS_03729_10517 -0.442334606721528 -0.674602384866597 0.421134156306324 1.38743903484879 2.32005622037784 1.35481516372001 -0.522475855363949 -0.777438500381208 0.102342198211031 -0.428504922221287 -1.44764628770057 -0.715382223777564 0.0138676781389777 -0.591269670570275
GS1_SS_03737_17191 -0.886071575248113 -0.659082550005748 -1.59606007886007 -0.0696366200727228 2.21403881059623 1.79322810626564 0.537014870677761 0.904965117075201 -0.370941230291697 -0.0779284566112566 -0.320153731493177 -0.411363933417049 -0.647681274765264 -0.410327453849733
GS1_SS_03784_06814 -0.647518191740506 -0.169458720606368 -0.722344891570198 0.793311483868992 2.29483392711813 1.72615100841248 -0.206622648188448 0.579805967021606 -0.637541298429881 -0.359851101284138 0.138993564247137 -0.351537023525283 -1.46894907431534 -0.969273001008178
GS1_SS_03824_13900 -0.670675939766499 -0.755725424881816 -0.107830597199777 0.0340197940461268 1.80639031421711 2.08431988164752 0.782759011222042 1.06068857865245 -0.338375451494511 -0.735981794408617 -0.401858817169872 -0.502095710341496 -1.0670672900361 -1.18856655448655
GS1_SS_03846_00196 0.158322940452931 -1.01401505200095 -0.813424901200856 0.228418054260297 2.92423824204089 1.2429584614181 -0.277403442673939 -0.0663380284431739 -0.0991010864071892 -0.142116529856543 -0.258458817320597 -0.2651451556806 -1.34721758027444 -0.270717104313936
GS1_SS_03887_01390 -0.6768527797053 -0.233060787514651 0.227958173033826 0.520658589535636 2.5678230036544 1.31768245585239 0.634925544789853 0.0264500569216191 -1.17311590487576 -0.436623496183296 -1.43073020233685 -0.13523057271194 -0.422399393869493 -0.787484686590433
GS1_SS_03917_08579 -0.945429664371529 -0.493836927325242 -0.553337321733368 0.61912557833444 2.55059991989052 1.51010584331765 0.0973528889093388 0.333065989833836 -0.427471102793102 -0.329066604348894 -0.281008593480793 0.0937676087334646 -0.574696437674746 -1.59917117729158
GS1_SS_03940_03806 -0.444647029304817 -0.747431448104875 -0.77581748736738 0.124966158562792 2.26621972026445 1.79785007243311 0.499661876827863 1.06028615226234 -0.581846219073593 -0.0297377554178628 -0.733238428473622 -0.941402716398661 -0.790010506998633 -0.704852389211116
GS1_SS_04056_09590 -0.631009595268825 -0.927931880544142 -0.834899945007598 -0.17086361471083 1.83294400280383 2.11148273195516 0.874213697064957 1.14495334180005 -0.300662662495349 -0.329073612868785 -0.668333784975103 -0.688388573473999 -0.754123713553713 -0.658306390725655
GS1_SS_04102_03986 -1.35907355637335 -1.35451237843506 -1.29065588729894 0.200849298523295 2.12870717377568 1.76229254606604 0.554492628005712 -0.12702337560776 0.280669912443445 0.173482230893529 -0.389063048162767 -0.606479196554795 -0.0941068748197361 0.120420527544705
GS1_SS_04272_10998 -1.07157485353284 -0.648530235595309 -1.74203184730387 0.357918873505166 1.85970181323526 1.72225049332776 0.742273490283546 0.464316376692823 0.409081309248513 -1.23040748987039 0.167523341485147 -0.438789702995716 -0.30668371219573 -0.285047856284364
GS1_SS_04281_08085 -0.643784739582184 -0.636549809616419 -0.098705115961499 1.36029086093454 2.39054488805938 1.71624941525014 -0.947651798144285 -0.831892918692056 -0.305190017184413 -0.719028011226133 -0.214029899615782 -0.255992493417216 -0.315174220537168 -0.499086140266897
GS1_SS_04292_17596 -0.689370431726051 -0.81853286013633 -0.970986873997641 0.0919563893131723 2.41264526697981 1.67578419998347 0.22958848516019 0.955862467860607 -0.124020130323686 0.213707858716303 -0.593027964633139 -0.7666561470863 -0.797358691544481 -0.819591568565922
GS1_SS_04316_14731 -0.538591487293932 -1.08611231182161 -0.886617850696966 -0.255466160370312 1.80917083904193 2.51916204348116 0.55906362631764 -0.442764453565937 -0.317753732293508 -0.0302726311095255 -0.900120750904092 0.081235189955777 0.245447879571476 -0.756380200312101
GS1_SS_04369_15290 -0.813572933084473 -0.738192250998552 -0.78616177596232 0.00122371237152467 2.12170514207941 2.00520772431026 0.742695512525763 0.829040657460545 -0.416568007431957 -0.467963927035994 -1.15164387092436 -0.461339564064807 -0.665095832006144 -0.199334587238895
GS1_SS_04378_16029 0.0604001139416224 -0.886059581756779 -0.392782092638604 0.135314983946736 2.26748714680353 2.00765916456749 0.584540419223875 -0.265809301522544 0.198095755289049 -0.375636083658561 -1.26327177931774 -0.731745500936387 -1.02058980606174 -0.317603437879952
GS1_SS_04406_21230 -0.649154989088218 -0.508381355038069 -0.263787165875935 -0.139554433826679 2.63439002513151 1.91644449147575 0.436561663523556 0.0619278299075968 -0.144129576933309 -0.416878492905473 -0.768812578030845 -0.494303991633054 -0.899028189527233 -0.765293237179591
GS1_SS_04426_12879 -0.595091767426288 -0.477338144608735 0.172466077149739 1.01545533780938 2.27216576225588 1.80287870799521 -0.0742695090474312 0.0780328539610902 -0.192454991117371 -0.634247006309386 -1.38712163630425 -0.877527718487459 -0.860253348391974 -0.242694617478405
GS1_SS_04460_20636 -0.807034662226741 -0.629454621132532 -0.925421356289548 0.376114783285792 2.35891253505892 1.54814305450758 -0.0328574325675398 1.17226530085817 -0.326312934820194 -0.704791608263409 -1.35950590118651 -0.30837555693189 -0.236267297820908 -0.125414302471189
GS1_SS_04512_07204 -0.510628787301578 -0.679956468064795 -0.304260676371407 0.475407306830323 2.83061644463355 1.31262024404143 0.138570894999586 0.313851502039636 0.235305946998104 -0.686570830594609 -0.526172539246639 -1.04539999783697 -0.810590128028606 -0.742792912098021
GS1_SS_04545_08461 -0.435928836939202 -0.524403811093288 -1.10833864051025 0.344715351680347 3.05588347634204 0.887066943244892 -0.277263716622875 0.643465847740643 -0.518505479483015 -0.0876323553526182 -0.556844634949786 -0.269006052368494 -0.224768565291451 -0.928439526396945
GS1_SS_04665_00655 -0.717615361052516 -0.0412469622511323 -0.528203939026632 -0.186132564920185 1.89880659543936 2.30519304195012 0.976486051619289 -0.0210689917330764 0.0842027668891453 -0.163516275723065 -0.9070267830784 -0.831756945594234 -0.973108753076237 -0.89501187944243
GS1_SS_04686_07491 -0.38300271521672 -0.354699982737498 -1.12879757891886 0.990930211250082 2.28698100430281 1.74911000136669 -0.695722107182093 0.0330037874231761 -0.862839223223501 -1.06131560807078 -0.837037293193355 -0.132247650600668 0.0767479826435163 0.318889172157196
GS1_SS_04724_09988 -0.122716564441431 -0.547995575035159 -0.959830391216361 0.255252496194291 2.91686263052238 1.3171736751078 0.147188401865752 -0.847511804985124 -0.575224323212429 -0.239459822251474 -0.992164529676868 -0.365222602895238 -0.316551215528369 0.330199625552225
GS1_SS_04815_10890 -0.444858826206142 -1.10207847344991 -1.31729653696967 -0.376974623927712 1.61932376900093 2.45404803405422 0.568375748542276 0.15855630515768 -0.167539288750186 -0.776737148456245 0.279742177373248 -0.918539704326743 -0.274142628624461 0.298121196582704
GS1_SS_04898_15762 -0.544202046823383 -0.727813969456436 -0.462465126425444 0.119999275888569 2.66959889577966 1.91619771645952 0.171292154920899 -0.127225293488967 -0.337016722510345 -0.91379507818798 0.0078183141250203 -0.33689826320542 -0.785859028869465 -0.649630828206233
GS1_SS_04971_00099 -0.808610301464275 -1.00155398261337 -0.0963639374084578 1.20907206962203 2.3861780933766 1.55008880839718 0.254823476031916 -0.109840081339879 -0.201959471432693 -0.0691424258044766 -1.17355803945172 -0.648571744232078 -0.750278490884315 -0.54028397279646
GS1_SS_04978_04678 -0.537215907525325 -0.586940581617497 0.885572767165337 1.19021927043671 2.42140220095887 1.2396124467016 0.108873357845621 -0.407434508144758 -0.837221441214759 -0.305167428428526 -1.14219944231341 -0.802414169350239 -0.397986820067246 -0.829099744446371
GS1_SS_05008_17274 -0.869815177468768 -0.766305934759565 -0.592410407008104 -0.18251380587966 2.55841094106003 1.61578677078823 0.343313147083091 0.816557404749567 -0.0279400034339173 0.0266079873505966 -0.435076358090116 -0.599311023188718 -0.934680969566536 -0.952622571636131
GS1_SS_05207_15881 -1.09127538975535 -0.334617634010226 -0.191781425901271 1.47493445084621 2.8394714158316 0.459014671753859 -0.417810371552884 -0.245482558071664 0.116339824256721 -0.489118432303734 0.0620818729699708 -0.96934740933569 -0.757183919941187 -0.455225094786355
GS1_SS_05213_04744 -0.629717358782585 -0.716081027625868 0.762028201197663 1.31793227651074 2.13491273005122 1.76265553676121 -0.122454890059399 -0.578097694646371 -0.596958725773065 -0.803437382317923 -0.457982706944795 -0.502653570139596 -0.961274432272887 -0.608870955958345
GS1_SS_05267_05466 -0.625604990174428 -0.716389728129693 -0.834164523314901 -0.0465455805138209 1.92863588040478 1.83564286503979 0.667954843609776 1.53428660785964 -0.566717592581824 -0.299270661848747 -0.748287068492354 -0.591254008245409 -0.72129701126241 -0.816989032350392
GS1_SS_05328_06016 -0.420192990017095 -0.437762140259975 -0.479674089032145 1.0065066803083 2.05430539961256 2.14320953337171 0.0965093683307229 -0.583183901908869 -0.462528291807166 -0.93456690676646 -1.21397989858093 -0.805444236306743 -0.0688099851595049 0.105611458215588
GS1_SS_05352_04138 -1.14607398279673 -0.833078675453569 -0.891409619094795 0.193830473820496 2.6056015874938 1.56844895543396 0.288013607211938 0.578572841842365 0.145458471776552 -0.120302998276641 -0.687962669321739 -0.658085844529892 -0.58268242957904 -0.460329718526713
GS1_SS_05361_12758 -0.544309435285449 -0.347300213396855 -0.480435351626256 -0.197234595161402 2.38081576939637 1.89829708922392 0.608502339672028 0.686305590972563 -0.436570017065124 -0.309591417019741 -1.22845474098451 -0.81981451902028 -0.592022606211593 -0.618187893493672
GS1_SS_05398_18395 -0.527514632578764 -0.758196605417714 -0.713509521674043 -0.0724310338053788 2.57401053103603 1.87834133545888 0.429030511339816 0.373473596415252 -0.14827830026761 -0.651913811648983 -0.34876629760408 -0.314949045041302 -0.790806098960393 -0.928490627251704
GS1_SS_05411_19873 0.142053100240875 -0.973208959340918 -0.438636802188878 0.913681716350921 2.68809008648736 1.20135521280886 -0.538183642605408 -0.391675439619499 -0.202705166286426 -1.51031196836795 0.0165790883938263 0.0391317906576841 -0.22632645045306 -0.719842566077379
GS1_SS_05419_10709 -0.474981120754978 -1.47647059517904 -1.61970037476148 0.292193386133447 1.74619944542577 1.90710915092542 -0.0126174885404255 0.9467982381313 -0.00836535445907196 -0.0553626258845588 -1.05349515234966 0.255112538978738 -0.111311758533948 -0.335108289131505
GS1_SS_05435_08692 -0.7380905549523 -0.970887796631061 -0.369099008617937 0.588932905351904 2.18612785837989 1.76250022471276 0.482115395479574 0.975423836179807 -0.344552360685822 -0.258243179247098 -0.974846933394305 -0.783224714053284 -0.784808368758582 -0.771347303763551
GS1_SS_05511_14099 -0.325392721958294 -0.0799974841409868 0.0870174791231711 0.0269123981186839 2.37903133668449 1.7353384083594 0.410386876081434 0.434753800812983 -1.36738334079115 -0.456669528949513 -1.3267717995719 -0.890197731464987 -0.421134430382671 -0.205893261920656
GS1_SS_05578_19435 0.199273669390409 0.334345514227273 -1.33204931727234 -0.571475275723897 1.96207571217659 2.09180573264138 0.0364752123365622 0.530339594164756 -1.11456075355196 0.387509385358919 -0.226800417430206 -0.921237585800521 -0.707564610917347 -0.668136859599619
GS1_SS_05584_17809 -0.45509969259597 -0.398065571853851 -0.520688931449407 0.740164375796615 2.11286159381793 2.16419230248584 0.498795976815968 0.206781278616319 -0.583426464265738 -0.878578039106203 -0.901391687403051 -0.901391687403051 -0.701772264805634 -0.382381188649769
GS1_SS_05685_08689 -0.808562933018436 -0.708714578052517 -0.708714578052517 -0.180248894452412 2.94914466972332 1.37592424757739 0.34334613768594 0.131229266526636 0.173603934243879 -0.56503035993083 -0.136413031296643 -0.584512965777838 -0.803692281556684 -0.477358633619291
GS1_SS_05710_02918 -0.675605682513606 -0.878301308670583 -0.791246135898035 1.14540662555693 2.51100344024272 1.60147178441013 0.198194372554132 -0.122740368861082 -0.0486785054575707 -0.316990343928185 -0.55411823991311 -0.600244488173191 -0.558016232723821 -0.910134916624724
GS1_SS_05715_13689 -0.610709426013071 -0.859423929987855 -0.469334865858983 2.1155506105386 2.23859883882086 0.975827304605026 0.0894437197376987 -0.113280418063503 -0.126370655114807 -0.492897292551331 -0.506860212072722 -0.828007361064724 -0.638635265055853 -0.773901047919332
GS1_SS_05750_05622 -0.928274555885483 -0.848238370864466 -0.683084338281415 1.69386331527927 2.71527748602368 0.635353007985435 -0.251143022294974 0.152595066588824 -0.108856471146499 -0.369291676373618 -0.515389474427856 -0.548420280944466 -0.644971869223788 -0.299418816434635
GS1_SS_05871_06304 -0.295280989150975 -0.934501189464155 -0.847946799251236 0.451491055297146 2.45394290146378 1.86569361983155 -0.0218332304412744 -0.10534218840596 0.46319192656667 -1.25667586414557 -0.40235197556251 -0.574499040541536 -0.397543398328459 -0.398344827867468
GS1_SS_05991_14906 -0.797442039537355 -0.810154137939666 -0.769899159665681 -0.171371193223536 2.64859596902246 1.59243246009712 0.0254544637055799 0.848774703561925 0.0786334086885812 -0.230694319100988 -0.209507488430469 -0.517775874686512 -0.94151248809688 -0.745534304394585
GS1_SS_06177_10673 -0.448871432430148 -0.273637281919837 0.402300420606947 0.197208305680953 2.44128278144442 1.74210511692398 -0.0509118183477616 -0.223507562576863 0.352544475487144 -0.613771825005722 -0.0761965452093497 -1.17553249571318 -1.17883050356469 -1.0941816353759
GS1_SS_06263_07854 -0.755245616704388 -0.905030849090501 -0.905030849090501 -0.205644550011373 2.20723818181162 1.898342566385 0.702974816875593 0.735612844165952 0.227858391034506 -0.140368495430655 -0.439938960202881 -0.692300849787266 -0.864233314977552 -0.864233314977552
GS1_SS_06324_18757 -0.698000464254771 -0.942040670871676 -0.915514561456795 -0.118670234633773 2.29944989962677 1.74611525723235 0.565703388270154 0.849002236821082 0.404212434152359 -0.323982321504951 -0.496402032701677 -0.729831795552629 -0.862462342627033 -0.777578792499414
GS1_SS_06427_20084 -0.867960176084836 -0.539836245723369 -0.17793485194234 1.41612015386517 2.36261293240049 1.63881014483843 0.103865700015155 -0.0548883780567895 -0.479519346759864 -0.621867228313736 -0.513296810179427 -0.67012074748454 -0.928277075048341 -0.667708071526
GS1_SS_06521_20007 -0.942205496584196 -0.242861286553676 -0.675387424484199 0.834241141344736 2.73005375889735 0.972331196203507 0.3240100911886 0.298264487740355 -0.499849219155253 -1.46882011257103 -0.747943216020163 -0.469422596898235 -0.296224900973675 0.183813577865882
GS1_SS_06645_08721 -0.727205589126862 -0.72178532705596 -0.443545207416301 0.569501773635367 2.24671153377495 2.0009929865607 0.559203275700653 0.489101219583648 -0.846451354686716 -0.486907303983521 -0.844644600663082 -0.830190568474009 -0.438124945345398 -0.526655892503472
GS1_SS_06683_14464 -0.918479560964161 -0.606128462318427 -0.518853890638002 1.08924899355148 2.40714095991101 1.77325196560055 0.397069772155519 -0.05078658252035 -0.348898145786646 -0.642875650394396 -0.629095454865908 -0.76689741015079 -0.675029439960869 -0.509667093619009
GS1_SS_06777_04848 -0.374586538618881 -0.757802557700482 0.365264041573344 0.174320568481818 2.93879219746354 1.19327645736931 -0.490215880792635 0.387105139539498 0.0374260599312807 -0.65856511460883 -0.698437301565297 -0.921278524221998 -0.90178545504328 -0.293513091807397
GS1_SS_06871_19113 -0.392324819905662 0.411602173033103 -0.370394004587203 -0.303279796566636 2.50337759922478 2.1016314978319 -0.524674942485738 -0.126581078378256 -0.733200299875371 -0.674068839064299 -0.694938766409383 -0.291453504404422 0.0483784791980333 -0.954073697610846
GS1_SS_07016_13921 -0.863593957106241 -0.451833841806987 -0.40856657925365 1.25217518175192 2.75282807131015 1.37692912211404 -0.303282907040531 -0.606874865956443 -0.574424419041441 -0.539810608998771 -0.252804434061638 -0.459045052232543 -0.634277465573556 -0.287418244104308
GS1_SS_07023_01108 -1.16202208995225 -1.04216175989471 -0.858470484836097 0.0968659920131183 2.05009290904559 1.96143881876634 0.706096900412135 0.467085473019273 0.301763325466525 0.0344535124565252 -0.187536329602721 -0.965564625893433 -0.763433300056739 -0.638608340943553
GS1_SS_07165_10690 -0.775689912562692 -0.695195525288931 -0.751219618831469 0.367330386724719 2.55999749606198 1.96755880572709 0.468431337140563 -0.163288614183916 -0.449204677780316 -0.451780498173076 -0.412499237183481 -0.382233347568547 -0.658490084692095 -0.623716509389831
GS1_SS_07205_21738 -0.273629734601337 -0.371332728402376 -0.0631925171837169 1.14574782369506 2.51144241836452 1.61923156288471 0.0838988031541096 -0.25215654915056 -0.707388080707045 -0.858774038135027 -1.0788741890055 -0.725640288340206 -0.593580197817924 -0.435752284754708
GS1_SS_07558_11971 0.308243501858862 -1.29271166404214 -0.397289909698737 -0.195942787606893 2.23822933069044 1.48535479091417 0.291873817135948 0.805881917435451 -1.01279005528031 0.622868842233271 -0.0780810576019114 -0.942400410971777 -1.13883662764675 -0.694399687419628
GS1_SS_07689_13477 0.029907155229055 -0.376816737083971 -0.366484259450153 -0.205626369014574 2.86218017208091 0.908402583140736 0.611343851168462 0.586686802269578 -0.530864585442716 -0.699002176029394 -0.697828030843733 -1.50563991857861 -0.6480442749717 0.0317857875261129
GS1_SS_07902_20135 -0.0828870292164968 -0.533737807447774 -0.901421937267457 0.494026879238672 1.89852189258957 1.9422938128062 0.775042607029429 0.403127191588806 -0.663277887200873 0.255907633260211 -1.40333995575147 -0.419930814884539 -0.492300389642699 -1.27202419510158
GS1_SS_07950_02039 -0.546435312175534 -0.400980676563494 -0.320570895608951 -0.485999935407151 2.77648608166573 1.28608823085221 0.644858640055472 0.839378606976081 -0.396883362884282 -0.368202167129795 -0.75949562349458 -0.49214590592597 -0.767690250853004 -1.00840742950673
GS1_SS_07998_01464 -0.649615965039785 -0.813041365049794 -0.665224008860966 0.740877115382453 2.73549330370686 1.48042295643898 0.259323057487792 0.319184496143144 -0.445793275139662 -0.286040356028754 -0.59361063132849 -0.643189123466358 -0.728574304370464 -0.710211899874957
GS1_SS_08107_09989 -0.725285192619313 -0.993640713888458 -0.500446782907326 0.5595575261058 2.05980994703885 1.689914498803 0.344147823897864 1.30007370777012 -0.155936316413152 -0.16935409247661 -0.663635951246671 -0.997267139851555 -0.863089379216982 -0.884847934995562
GS1_SS_08172_10001 -0.329741513687239 -1.18307171090489 0.284443399072551 0.413147565993649 1.536253201361 2.07983057673726 0.465923464608222 0.874756924448092 -0.208083720150647 0.116480866152056 -0.650998618605377 -0.849735108756169 -1.02963333536879 -1.51957199089972
GS1_SS_08200_19180 -1.16009581021655 -0.620033302327017 0.0435260168071805 0.732200130888688 2.34653383017106 0.968052603739745 -0.427423596716066 1.31361707557116 0.472177028313905 -0.523728449521542 -0.474631857895221 -0.476520188342387 -0.986369409077257 -1.2073040713957
GS1_SS_08436_17742 -0.41328962890931 -0.744856551855957 -0.0210909029174319 1.2742248894125 2.0696463055863 2.16462199706974 -0.201544716735965 -0.53116124601822 -0.710088664795055 -0.874600130400297 -0.380217736339184 -0.360713799695263 -0.576105100023776 -0.694824714378074
GS1_SS_08457_17376 -1.05719524046671 -1.12589685982537 -1.02627951175531 -0.0541515978302046 2.12368973583946 1.78018163904614 0.708436377050973 0.618437255691122 0.611910601852049 -0.0850673265416036 -0.425140342366994 -0.66559601012232 -0.75147303432065 -0.651855686250587
GS1_SS_08484_10600 -0.581032879927121 -1.30403211068247 -1.62613200664348 0.430130722036203 2.1556658789702 1.37054738256523 0.281734698539879 -0.044966624506292 0.962745907143164 -1.00378899337595 -0.714474265396684 -0.11255008481954 -0.066535813967967 0.252688190064823
GS1_SS_08537_07131 -1.28675278032841 -1.13208955238983 -0.183319390182987 0.219641705165847 2.14879925011059 1.79129900192468 0.602166970724764 0.518496699872744 -0.640209778290078 0.102680808365735 -0.452585534561306 0.136402462981853 -0.584429597722065 -1.24010026567153
GS1_SS_08580_00148 -1.00050705810553 -1.25968669668211 0.33775167785659 1.44776511920126 2.1556320890771 1.29448683832264 -0.175591219195101 0.447972696197493 0.181129143576975 -0.668868595840862 -0.730179908192313 -1.09386746554978 -0.459852758279099 -0.476183862387258
GS1_SS_08602_08539 -0.68562049525822 -0.726146802032689 -0.507928227093241 0.827195362550568 2.4224354935222 1.78399029141364 0.0918611131688977 0.581231854511676 -0.211150965175593 -0.504187337237137 -0.800964599154785 -0.809693342152363 -0.724276357104637 -0.736745989958319
GS1_SS_08660_04949 -1.19365259641661 -0.825832350807719 -0.724477438684381 -0.32886633007393 2.44858521343498 1.85598592884288 0.243298496428788 0.398600377908098 0.403995074843695 -0.099019545484552 -0.11961747923865 -0.708129872212874 -0.657452416151205 -0.693417062388519
GS1_SS_08764_21659 -0.748077972406093 -0.743849723113815 -0.298474130993915 0.12153196537232 2.18068937071148 2.3836453367408 0.531672146723241 -0.0126444788359538 -0.364716703239596 -0.515524261330828 -0.687473065883448 -0.80445462963646 -0.54794083923829 -0.494383014869441
GS1_SS_08792_20241 -0.165683450280493 0.0705535695592002 -0.0889002859919946 -0.189798846093286 2.76356386976797 1.64258726652847 0.236833543341349 0.194170304397886 -0.519372366931541 -0.782817867407428 -0.827614268298065 -0.518305785957954 -0.834013754139584 -0.981201928494533
GS1_SS_08955_00973 -0.357521866961476 -0.679208208796277 -0.424192611383196 0.949224723704245 2.41431433237155 1.82261147562878 0.347521255298218 0.0475029054004758 -0.865886293177095 -0.94089088065153 -0.589202703826955 -0.357521866961476 -0.605870389932385 -0.760879870712885
GS1_SS_09017_02772 -0.601585904143067 -0.595411811938567 -0.629986728283769 0.371697990974359 2.54843593859298 1.57045973340014 -0.0446827872971408 0.547042209582168 0.219691840899562 -0.258182895728761 -0.0261605106836399 -0.786808670278077 -1.3486510608876 -0.965857344208585
GS1_SS_09073_09529 -0.529140884988081 -0.733289884407911 -0.641782328638083 0.237125957017835 2.57841213392872 1.56093526382134 0.423627070682055 0.532564637074707 -0.348522399909064 0.0815631122091272 -1.36512776948529 -0.36028765707947 -0.635246074654524 -0.800831175571356
GS1_SS_09155_12563 -0.676655993541011 -0.588317871417622 -0.21337161973835 0.53269289832818 2.6743034390062 1.5514277533489 0.401069096364331 0.138312259781763 -0.387103259914348 -0.959337984335854 -0.996636302565729 -0.91124278451312 -0.475441382037736 -0.0896982487656059
GS1_SS_09348_02978 -1.04110799164564 -0.957269642995002 -1.03895829039819 1.05098126237502 2.50159966415588 1.53208440155486 0.113281578236285 0.0914621105746437 0.075016896031633 -0.648787513985585 -0.233895173227275 -0.542377302236692 -0.510131783524906 -0.391898214915025
GS1_SS_09408_20522 -0.643307733795604 -0.604211985816338 -0.677516513277461 1.06224427179985 2.79386010938147 0.81480076688108 -0.316581309953885 0.479066031109139 0.33636655098482 -0.837157484192794 -0.957702707128862 -0.806206683709209 -0.672629544780053 0.0289762324978465
GS1_SS_09564_12272 -0.680073424104318 -0.958429200702757 0.052554689254964 0.764265894546155 2.0023859528843 2.20351006892363 0.427986372528388 -0.0166320066625671 -0.630999139790721 -0.474658660256145 -1.29873120504131 -0.340495466583506 -0.577902373156336 -0.472781501839778
GS1_SS_09639_06668 -0.577329339732998 -0.560246949140095 -0.308669924044616 0.904179808051489 2.64658364852758 1.72413455651083 0.0190013864192485 -0.156170764387974 -0.523752751055257 -0.859188784515896 -0.732623799668479 -0.668176598795254 -0.577329339732998 -0.330411148435584
GS1_SS_09726_13695 -0.992802865598377 -0.27282605111257 -0.309702039124523 0.236993433635213 3.17096160604257 0.550260322086273 -0.189765573260403 0.457354313454216 0.13245179771783 -0.283924649446264 -0.881816882261431 -1.00354344463099 -0.54527873923972 -0.0683612282618264
GS1_SS_09813_02809 -0.108605287636396 -0.0295440608010319 -0.392335837621317 -0.601112237489594 1.84602097408119 2.16774198371428 0.956154351691817 0.522857757866836 -0.176543181691893 -0.270834818025844 -1.29931527967203 -0.984439397903479 -0.606246083387994 -1.02379888312455
GS1_SS_09888_01128 -0.653595088170716 -0.827386714972294 -1.22549079032009 1.50000650115999 2.47869585999725 1.34500862004742 -0.280751423695239 -0.168595199422128 -0.346428491963277 -0.750595065920434 -0.435345138233852 -0.253470179953131 -0.372699319270492 -0.00935356928300848
GS1_SS_09896_05277 -0.0236978121340782 -0.110152371059706 7.71915704692931e-05 -0.559716077472968 2.5169855382928 1.53032288455407 0.370751112964097 0.732239237471876 -1.17462412783149 -0.902292267215767 -1.27728891655568 -0.172615789883471 -0.5986206289895 -0.331367973710655
GS1_SS_09915_15008 -0.486719334773768 -1.07071104773831 -1.16495706825386 0.811707255833481 2.19453824711484 1.55566699300053 0.431387031452118 0.795860579817591 -0.0474327949016981 0.0399741338596326 -1.05319630056285 -0.426001544565515 -0.75711366973964 -0.823002480542551
GS1_SS_09952_05212 -0.919054455810785 -1.02467483312461 -0.897050210537072 0.414402807776228 2.27156110887761 1.73905837325376 0.472053930393356 0.605839741657532 0.445648836064901 -0.280931342873106 -0.562585682376633 -0.897050210537072 -0.787028984168507 -0.580189078595604
GS1_SS_10085_13859 -1.14568989853506 -0.955808696546718 -0.372479958906859 1.14143773262181 2.11821400591318 1.48185538303334 0.629955936274834 -0.880540472335123 0.12189542284657 -0.0282988972847489 -0.617101687594542 -1.39886483451951 0.197163647058164 -0.29173768202533
GS1_SS_10136_08626 -0.70763991661658 -0.761529213755444 -0.397311895161741 -0.045482920737892 2.18379961262731 2.02584822446167 0.518806156198951 0.931338017055084 -0.292010969717984 -0.222016825158309 -0.829665106689641 -0.791261239763094 -0.814179676477323 -0.798694246265006
GS1_SS_10205_09847 -0.580674978419956 -1.10370260711476 -0.764556019105971 0.484457274545142 2.16058330246982 1.55329894331659 0.301106150402891 1.16540003328154 0.154849184324102 -0.0931517581573243 -0.295049961331306 -0.912932651359816 -1.01361679467492 -1.05601011817602
GS1_SS_10228_02302 -0.782362542376746 -0.772724101875622 -0.690797357616071 0.88619608497528 2.32603451923564 1.7930287595235 0.460996282268209 0.455502371182568 -0.245983328489213 -0.565497631101463 -0.89802382839023 -0.594412952604834 -0.71489345886888 -0.657062815862138
GS1_SS_10256_21705 -0.640561584392202 -0.838584877883783 -0.0305297790712141 1.76690270813536 2.24402969875287 1.17127358912919 0.134535889581535 -0.310003015729091 0.10179188042151 -0.165617527718695 -0.957087006272445 -0.459066219333777 -1.15511029976403 -0.861973455855229
GS1_SS_10272_07376 -0.549794752866936 -0.216730156822698 -0.296457028806442 0.833131176122114 1.42474927289868 2.57967125023328 0.62934333044404 -0.150657443054862 -0.581461968374497 -0.834799692434992 -1.40294679418831 -0.577736413608902 -0.252495482572415 -0.60381529696807
GS1_SS_10316_15684 0.0638688858677695 -0.182231408301617 -0.392535296046366 1.3875901651122 1.4136917114635 2.00284090053567 -0.0107069608502266 0.272681256678158 -1.28147938892488 -1.68120592733334 -1.06222639957397 -0.440263837945884 -0.000266342309707111 -0.0897573583713023
GS1_SS_10359_08785 -1.05848018729119 -1.16849187220313 -0.748514831829863 0.931393329663198 2.37566835523002 1.28967462782234 0.182867878944829 0.813205100602402 0.249618212087341 -0.146423853595625 -0.472742297354675 -0.825820340146358 -0.916505647979169 -0.505448473950115
GS1_SS_10379_21892 -0.611998833142624 -0.520426596419483 -0.518547315441956 0.541537999608587 2.96751889787091 1.44871818057851 0.134929933561803 -0.41057408109676 -0.628570674489909 -0.404936238164178 -0.244343136448222 -0.405277925614638 -0.741498376866768 -0.606531833935272
GS1_SS_10381_13545 -0.914917344575268 -0.98058435468282 -1.04625136479037 0.971367520764152 2.0852441797135 1.48329658706094 0.440230854010906 0.786131829752434 0.433992488050688 -0.241830490972864 -0.425150894189779 -0.57290166693177 -1.07908486984415 -0.9395424733656
GS1_SS_10384_17106 -0.932324666417036 -1.07295737557921 -1.00857131596279 0.261697865469487 2.67498904209213 1.70411503787618 -0.21289516870309 -0.0727707705378914 0.0775198475667412 -0.460442624228308 0.0312296594425184 -0.696807237820148 -0.281008842297298 -0.0117734509012874
GS1_SS_10400_08877 -0.598840740847653 -0.981147630426785 -0.32463442004607 0.0701523725951854 2.52113502468319 1.24765759249891 0.443494824763496 1.24686661272737 -0.0794306908677299 -0.223564782571127 -1.07694406942477 -0.78691815319233 -0.785160420366678 -0.672665519525003
GS1_SS_10436_11125 -0.697442717069407 -0.594997301104606 0.318648551479439 1.70166166700426 1.99018140992553 1.70688847394124 -0.176852746146233 -0.0299794712171048 -0.610677721915545 -1.08213570763111 -0.335747677030415 -0.757028316150975 -0.709987053718159 -0.72253139036691
GS1_SS_10446_12487 -0.51667169076965 -1.60745613980484 -1.33682952518724 0.397409498132873 2.72575353660175 0.936434037600644 0.27419479241874 -0.126650981467807 -0.0340011639928388 -0.743647824370698 0.0570567322196731 -0.229489095022497 -0.194148442995963 0.398046266637856
GS1_SS_10459_13653 -0.999545946373027 -1.05540660026591 -0.298082653226307 1.54852404472456 1.88277221965739 1.5141834788068 0.44756550140126 -1.10943575730985 -0.367587958643848 -0.676515689639991 0.498160601853423 -1.00412468849539 -0.514199281402059 0.13369272891296
GS1_SS_10508_10581 -0.860226471246479 -0.89191826095537 -0.89323875219324 0.651207799620022 2.67869004624629 1.6909626003192 0.0148894819150161 -0.573679872628595 -0.578961837580077 -0.534065135492482 -0.296376712675803 -0.127353834228387 -0.379567660661641 0.0996386095615408
GS1_SS_10549_10737 0.0641136823268309 -0.0921682566751086 -1.05363092995241 0.77941243226636 1.46870031857172 1.55251310139292 0.520748843904389 1.66378179582796 -0.992938914806029 -1.04134802212517 -1.07891926959674 -0.458271162325977 -0.258854541130714 -1.07313907767804
GS1_SS_10563_01587 -1.00355142142539 -0.0344709931888732 -0.357352679276106 0.838886318458601 2.54625652284826 1.49725485124252 0.302558503024885 -0.130411794765324 -0.113099839073791 -1.10810877758217 -1.03954657682362 -0.924704890553063 -0.374493229465742 -0.0992159934201858
GS1_SS_10593_16243 -1.42431295827191 -0.922854454272256 -0.51954619126898 0.340606829826503 1.79501494640911 2.17155496186792 0.89685101380049 0.113969000616697 -0.114274923445777 -0.229199932903347 -0.528468940450469 -1.25299617398733 -0.235802767297649 -0.0905404106230174
GS1_SS_10637_20898 -0.502395102665277 -0.798767651891085 -0.84401536933014 0.23355902148095 2.62874694411731 1.70456231542462 0.231749112783387 0.465001096181715 0.140122484969301 -0.884738315025289 -0.429998754762789 -0.707141024076999 -0.667549271317826 -0.569135485887882
GS1_SS_10743_03951 -0.870566847585123 -0.802774490862077 -0.904463025946646 0.303935732641659 2.41171309042238 1.91456914112004 0.558722006659109 0.293766879133202 0.0751365287013766 -0.497708885608367 -0.525955700909636 -0.638942962114714 -0.638942962114714 -0.678488503536491
GS1_SS_10762_14217 -0.654737527455703 -0.612634533429293 -1.02788563137604 0.105840676397846 2.67717784294799 1.51563053716058 0.520844109673846 0.147696005753512 0.501039191503384 -0.618413375746644 -0.809940721121682 -0.771965471607666 -0.564752697085534 -0.407898405614597
GS1_SS_10764_20142 -0.871635361520543 -0.738551656370297 -0.925455977573951 0.00661923680552958 2.45154304061354 1.39763752262226 0.355474684497167 1.07667093961284 -0.316793737842679 -0.335386314297492 0.313201036978854 -0.354957447407823 -0.899034947875005 -1.1593310182424
GS1_SS_10812_04628 -0.864055894607208 -0.789916863129785 -0.306832600700465 1.66233785319032 1.86696787637641 2.02909781782385 -0.201369434904556 -0.486277390263653 -0.550814551422344 -0.730259340985532 -0.889241128230112 -0.125341510905415 -0.133526711832859 -0.480768120408643
GS1_SS_10849_04218 -0.96332481169806 -0.714272843910563 -1.31184031200369 0.787508556165585 1.44070483790028 2.42688772850002 0.613545658381895 -0.0597005844532889 0.300019305879087 -0.036112394923297 -0.594366213799771 -0.505910503062301 -1.02190214903087 -0.361236273945018
GS1_SS_10874_10877 -1.22379350438548 -1.01833896427589 0.127560217304235 1.56098188866615 1.97436632479026 1.46691836427863 -0.140825295976509 -0.587627036817237 -0.00369057884312168 -1.06042001465978 -0.368805574821002 -0.914374016268628 -0.397395935522999 0.585444126531357
GS1_SS_10881_18008 -0.461285557032632 -0.502252864672948 -0.363849798320531 1.06557707096723 2.36213699655667 1.80077415943127 0.137722914140628 0.0502521762059003 -1.04479288477442 -0.502252864672948 -1.06915182445245 -0.741413363329924 -0.609653644162423 -0.121810515883424
GS1_SS_10917_10815 -0.765991037895926 -0.868610970006965 -1.14531828694923 -0.09401373244739 2.19166200544723 2.05972209273304 0.397645692291749 0.49916612513017 -0.0694582486922486 0.0128209468753524 -0.192785417104265 -1.21128824330633 -0.556353176583375 -0.257197749491819
GS1_SS_10924_11346 -0.865165522282049 -1.17993810744881 -0.985218322206116 0.556435315843176 2.07319995878626 1.80674130529626 0.660383471874989 0.621293108972885 0.13158016938019 0.0147336576492175 -0.546000761508312 -0.471333776189685 -0.964721502706885 -0.851988995461116
GS1_SS_10937_00918 -0.875860136442247 -1.00879790777092 -0.931107002448967 0.801227539774241 2.49506192224902 1.49112277903315 0.299862230763259 0.360288490458109 0.347340006237784 -0.462371873673204 -0.344972283408924 -0.770545798116938 -0.767092868991518 -0.634155097662848
GS1_SS_10951_10972 -0.666335740328064 -1.14370066896647 -0.576102125768365 0.455180765796197 1.96208212894317 1.68847052350409 0.438007271412254 1.33626835054526 -0.247186046889462 0.0764906608214592 -0.450939370088782 -0.971965725127045 -1.02144867504688 -0.878821348807356
GS1_SS_10986_09887 -0.499295357144979 -0.690878956315085 -0.328450188812874 0.517282771647327 1.76514378149963 2.22336434858689 0.451709828426219 0.965134123315591 -1.22217780349816 -0.532871864216029 -0.532871864216029 -0.637551562731654 -0.472631660353263 -1.00590559618758
GS1_SS_11242_09246 -0.959625532981952 -0.795921535911013 -0.812175833492524 0.649549927587706 2.24595415434332 2.01142786066722 0.228099211724224 0.381237915367181 -0.0240746050403716 -0.148303879413354 -0.94337123540044 -0.503344179443802 -0.780828259585323 -0.54862400842087
GS1_SS_11323_12949 -0.912083175212428 -1.02600304650197 -0.849427246003177 0.502061147040359 2.35741713079756 1.70807386444714 0.586532731601558 0.54216094173428 0.179838791097876 -0.43418931515278 -0.517920420550597 -0.781075323229449 -0.752595355407063 -0.602790724661309
GS1_SS_11337_05709 -0.760644151993295 -0.898584801318504 -0.603109660434392 0.647526101657858 2.78976006075214 1.44797374458874 0.35228608688055 0.00704258672285359 -0.371118568387449 -0.715970191700472 -0.172828884982462 -0.766914181508078 -0.704213886360255 -0.251204253917239
GS1_SS_11410_14397 -0.084138408451464 -0.393597167811428 -0.147617128320175 1.19765993160017 2.24205643754821 1.67160577926858 0.174708939121285 -0.867543015479842 -0.520983517818233 -0.89971128568358 -0.580173134993112 -1.52377572763611 -0.166982426982825 -0.101509274361483
GS1_SS_11419_13966 -0.602687166945256 -0.861466735243915 -0.574558952999749 0.729183763374476 2.01323672998685 1.86978283886476 0.454933677405788 1.00399641362207 -0.62237691670711 -0.130133172660747 -0.53236663208149 -0.70957437993818 -0.999294983576897 -1.03867448310061
GS1_SS_11477_18437 -0.87190533612416 -0.945240962438599 -0.513286064586517 0.224824925978262 1.93660738591783 1.66341203074645 0.468283087622131 1.55139387626616 -0.211078813290751 -0.204631725263108 -0.407714998133863 -0.518927266610705 -1.02018836075995 -1.15154777932318
GS1_SS_11507_13189 -0.7520593464398 -0.810462251784092 -0.576850630406923 1.05798146611523 2.45021687889954 1.7992491108697 0.200492039725606 -0.114119918832916 -0.23991079188216 -0.567865568046263 -0.329761415488764 -0.527432787423291 -0.819447314144752 -0.77002947116112
GS1_SS_11519_18325 -0.928984091687963 -0.932250349448478 -0.305205712553211 -0.474397864547932 2.9993633301654 0.536220713117562 -0.04786302758645 0.617300758702132 0.812123427476431 -0.901701232747183 -0.532037707380565 0.0562729551311732 -0.204643400091211 -0.694197798549705
GS1_SS_11531_09436 -0.929779572873692 -0.913406096118683 -0.427185025524303 0.620717486796235 2.29935479933144 1.4500696789521 0.396472044281989 0.876286102233105 -0.247788671512907 0.41070985015591 -0.770316147085784 -0.975340551670236 -1.04012256839657 -0.749671328568599
GS1_SS_11535_18688 -0.991228645615645 -1.1120307451301 -0.542846078048484 0.821891154303994 2.00596939098621 2.1942465370763 0.349565828274508 0.27575683377838 -0.360010467972553 -0.296888650208244 -0.279475734962918 -0.859543474072862 -0.682149400011097 -0.523256548397491
GS1_SS_11536_19273 -0.806510113687061 -1.01868171030565 -0.812244481163239 0.62742581740602 2.34165763073468 1.75445840117405 0.361580541210406 0.637231585790285 -0.0163142754697266 -0.255437399226351 -0.520938613373394 -0.547316703763813 -0.846650686020307 -0.898259993305909
GS1_SS_11564_14787 -1.19993017398853 -0.764253243496829 -1.24065133899819 -0.0619515199710067 2.52190523767106 1.01838494124643 1.02352450576222 0.0043093271709252 -0.0676445760500271 0.604847673284258 -0.599787178991796 0.0912865728226258 -0.237645556187442 -1.0923946702737
GS1_SS_11567_03962 -1.00894629579169 -0.976639166966259 -0.822136367209264 0.254548150585214 2.604177499379 0.782451031120493 0.758055852211494 0.812999948853384 0.380919572861561 0.148396155873082 -0.564997994925219 -0.342144738945713 -1.03312169831412 -0.993561948731961
GS1_SS_11611_11276 -0.635636400526109 -0.864293269671218 -0.684868740772664 1.47150776202642 2.30626944220689 1.39383006963741 -0.113773593912633 0.069042496202906 -0.932124494010915 -0.206768014378347 -0.854446801621907 0.468262073002188 -0.520979750351912 -0.896020777830108
GS1_SS_11619_21353 0.298819023079549 -0.431744982988338 0.089347939539563 0.802542181523187 2.34100700041509 1.83438888129074 -0.204490569552559 -0.298783574581418 -0.527071902546022 -0.551699746622638 -0.265284743847481 -0.646406317463027 -1.06677528659278 -1.37384790165386
GS1_SS_11642_17166 -0.941083812348482 -1.18023904500602 -0.99369796353314 1.32505551022124 2.63827283642593 0.653284405368407 0.0965788547882006 0.685809517009831 0.00756527719306664 -0.295364684173142 -0.502632552476338 -0.410159195848758 -0.451612769509397 -0.631776378111406
GS1_SS_11646_09573 -0.960791650328092 -0.952429495756987 -0.857658410617801 0.972259748025607 1.84749859313456 2.24470093526204 0.134650598486621 -0.472999300346985 -0.066598588191298 -0.144087887216868 -1.30363998774338 -0.0914063134189086 -0.152450041787973 -0.197048199500531
GS1_SS_11653_21205 -0.868563919243274 -0.783930825263958 -0.619366475859734 1.13065783409033 2.40861755317799 1.67607110640147 0.39011826177132 0.0797969171804972 -0.152003723551738 -0.614664637305328 -0.793334502372771 -0.732210601165488 -0.609962798750922 -0.511224189108387
GS1_SS_11678_11080 -0.508430602782312 -1.15856467454971 -0.492050271677235 -0.00450050957604606 2.98096086053175 0.712729430066718 0.202653538213276 0.589940436434087 0.435279635767546 -0.660805775852795 -1.08491667423231 -0.63414012056546 -0.409386740286498 0.0312314685089822
GS1_SS_11737_03293 -0.980173059481084 -1.41842655776346 -1.22966568771674 -0.0230733784007413 2.40931560700993 1.28003318446958 0.472464940443634 0.787941803252144 0.153212860234191 -0.205432792854568 0.40089994971288 -0.295709730702996 -0.661741678706626 -0.68964545949614
GS1_SS_11746_07712 -0.111539376576194 -0.684774285956441 -0.828083013301503 0.813401413459664 2.79460174767227 0.523072776587298 -0.146081918426298 0.698354765810142 -0.54232198526882 0.452845790677168 -0.392447320216713 -1.48182202848117 -0.292530876848642 -0.802675689130765
GS1_SS_11775_02701 -0.476389974443722 -0.603490257310648 -0.544447218106508 1.28318273588422 2.38832420251437 1.70324466365718 -0.542193666991847 -1.20533864166633 -0.178620753826408 -0.773558248097125 -0.248030128157992 -0.0184683879444427 -0.631133817650499 -0.153080507860241
GS1_SS_11833_00082 -0.565816004798467 -0.801310706290704 -0.0909660329370715 0.303892951794502 2.33964813197297 1.98988059172384 -0.000628721217098667 0.403958897084318 -0.744174286912259 -0.370471219626218 -1.16574840827213 0.26343418996436 -0.808259730269163 -0.753439652216872
GS1_SS_12142_17223 -1.1910173395254 -0.996469277630398 -0.318498758905383 -0.042889004554126 2.42875569088468 1.64319419853591 0.250406937242131 0.584233725266514 0.188357896289254 0.22977305188963 -0.235963217495381 -0.591160815349139 -0.762127293984143 -1.18659579266415
GS1_SS_12205_00613 -0.764463053864688 -0.887852392433423 -0.720627367794217 -0.0390636265948104 2.2285401783914 1.78693622982961 0.298146447362113 1.15213055377204 -0.0456389795053811 0.151215721829607 -0.784757352971388 -0.78800444082846 -0.865122777433919 -0.721439139758484
GS1_SS_12318_20225 -0.773688930834304 -0.982351780056172 0.331354741503173 0.10617275005124 1.97370525058696 1.99544096404757 0.521759591418128 0.856054864442329 -0.651968935454881 0.070395765695074 -0.895408926213727 -0.899756068905849 -0.70848179045247 -0.943227495827072
GS1_SS_12384_15221 -1.21255200946495 -1.00618843234213 -0.69571350099517 -0.299718528678392 2.433204519705 1.94611211244211 0.521459777764427 0.284234620639447 0.022654843151322 -0.300276268076022 -0.656671743161121 -0.318309841932701 -0.388770919166531 -0.329464629885286
GS1_SS_12426_10695 -0.399137018966193 -0.515541094694998 -0.584433302779393 0.211081653124787 2.73189505880043 1.8481743206144 0.127056915195648 -0.587996692852723 -0.0427980116331182 -1.05480079245905 -0.579682116014952 -0.353169287020227 -0.561865165648298 -0.23878446566631
GS1_SS_12477_13629 -0.792145507288463 -1.09390395419399 -0.934149482302828 0.702446329737723 2.12485281279827 1.74262544671794 0.735580590574408 0.408143091520453 0.367908631933049 -0.328265855574873 -0.415834973500397 -0.857230662503381 -0.934149482302828 -0.725876985615093
GS1_SS_12812_11376 -0.670500172073724 -0.54800054643315 -0.184734134365742 -0.0365978644647519 2.1486842036012 1.26228513554058 0.794295450220721 1.58516174014111 -0.291150393559923 -0.613301432756852 -1.31347204722765 -1.03533864251559 -0.567348957195728 -0.529982338910499
GS1_SS_12912_17421 -0.909210047421978 -0.928913374920558 0.170532299500211 0.359644836831582 1.82561180938094 1.88472179187668 0.592183507969824 1.02526264638861 -0.704295441436745 0.175497538029853 -0.586075476445265 -0.621541465942709 -1.16929397040323 -1.11412465340721
GS1_SS_12956_01047 -0.887281128468211 -0.652267424200598 -0.196270684576872 1.32839533713938 2.58881709435573 0.895783045701488 0.295457491874806 -1.40019561497625 0.155501569482601 -0.0903859031914238 -0.0896376008494772 -0.383346270063529 -0.883773461240336 -0.680796450987313
GS1_SS_13205_09525 -1.02638306665721 -1.20177540407447 -0.867001648008326 0.586353114739706 2.49529129335167 1.56010808347124 0.256673741918044 0.344297133723183 0.310528650502598 -0.525677970627841 -0.11303292782457 -0.452901067135201 -0.820424429773036 -0.546055503605781
GS1_SS_13223_15876 -0.770556577115994 -0.308580897699822 -0.460776967011856 0.799083238602975 2.7245655455807 1.35210718603236 0.329834472688706 0.273266022147951 -0.429799006001442 -0.619707375673979 -1.16114825942121 -0.801534538126408 -0.598157489753691 -0.32859535424829
GS1_SS_13239_11970 -0.731383626140672 -1.1325288610595 -1.16395498545406 0.741577310187984 2.23930942692177 1.55163188134664 0.135977407149244 0.947141135639473 0.325088732182404 -0.400854741331983 -0.661136995141063 -0.632483764075432 -0.391981482679401 -0.826401437545408
GS1_SS_13261_11151 -0.761872947460611 -0.901660760354745 -0.811209822599717 0.451814180961396 2.14900268574664 2.02566049789888 0.633127197097611 0.460859274736899 0.066164273624051 -0.317841071208657 -0.83587826016927 -0.807098416338125 -0.819432635122902 -0.53163419681145
GS1_SS_13375_14873 -0.584912092749869 -0.380349659322471 -0.366840819379153 0.672857397686985 2.45940148019089 2.01360976206137 0.271934326512061 -0.193155734393626 -0.287717613996857 -0.645701872494804 -0.74315850351446 -0.776930603372757 -0.820351874619139 -0.618684192608166
GS1_SS_13692_17423 -1.20980601299368 -0.309900302615834 -0.60281078873882 -0.0251066130962559 1.76023573545337 2.14984197241695 0.200752074998577 0.891385594688556 -0.412242520658805 -0.592223662734374 -0.465178150681031 0.688818583803504 -0.754559594802535 -1.31920631503962
GS1_SS_13907_00263 -0.315652852859313 -0.550313351661207 0.593433469447713 1.21533100338918 2.09741317908913 1.75701233947338 0.0875682217056981 -0.29723272742515 -0.834474052557833 -0.15219236967583 -1.07867465489087 -0.523229284856997 -0.874434151121421 -1.12455476805647
GS1_SS_13956_01140 -0.274198319424882 -1.15235053506972 -0.615280175837686 0.787570097569964 2.38219104375052 1.88729898498173 0.204103607828358 -0.0807405146334482 -0.0925504387631577 -0.276447828782922 -0.460626407472441 -1.14953864837217 -0.685577343276434 -0.473853522497716
GS1_SS_14012_11652 -0.751743219983264 -1.14252149217041 -0.269652436958424 0.998904165216918 2.28906157640763 1.66656553478289 0.540377901117936 0.360600258812746 -0.525916580277127 -0.182267345941702 -0.557335938844937 -0.668285548787518 -0.816545647029373 -0.94124122634537
GS1_SS_14180_19456 -0.772313927008787 -1.01447127953528 -0.566826116436304 0.603831713491781 2.13588056380941 1.95829850528998 -0.177298717943684 1.02426300268778 -0.00617418882496123 -0.341965717661701 -0.59796063318971 -0.556494069395173 -0.86456434701888 -0.824204788264464
GS1_SS_14209_14596 -0.239283682363722 -0.466851225008709 -0.573985295409758 -0.381882824345808 2.54989642635324 1.78074768643951 0.201813145425424 0.790681104802225 -0.589501264226462 0.0887682297608692 -0.912381186745486 -0.602061810411412 -0.7697820447634 -0.87617725950651
GS1_SS_14211_00139 -0.654787871502871 -0.650851792240088 -0.309396916193657 -0.247502069786393 2.327776189871 1.5366242580516 0.788769198122818 0.977701002736406 -0.547529711592032 -0.58295442495708 0.285935072302282 -0.901776845242508 -1.17533435400593 -0.846671735563545
GS1_SS_14234_01796 -0.402725432077373 -0.557246626150193 -1.03630382854426 0.846586030475576 2.39857643003061 1.44267539955327 -0.184154718885737 -0.167554411554727 -1.53431304847457 -0.830183345850887 -0.761015398638345 0.351205192539344 0.217849390313562 0.216604367263736
GS1_SS_14260_13809 -0.657998551985521 -0.660856885363679 -0.880948555481863 -0.154360210754038 2.21462649306351 2.03883899030678 0.734009803177543 0.532640216686295 0.184066461219897 -0.550811050304586 -0.958123556692136 -0.412181881463912 -0.729456886439477 -0.699444385968815
GS1_SS_14486_01492 -0.355616730181976 -0.90237755965937 -1.26249793093442 0.221532994412981 2.54448885111606 1.66512515381653 0.518961314343134 0.445980109533241 -0.269594621561791 -0.23956465040231 -0.732486886167488 -0.334081292697089 -0.452526198863965 -0.847342552753549
GS1_SS_14586_16366 -0.504436331500459 -0.627092778805309 -0.565546305246648 0.539867644850035 2.66106030855212 0.465902751626523 0.226700854391441 1.22061092739195 0.582884701369227 -1.28577099582673 -0.603958288744252 -0.888774416382739 -0.548304562653973 -0.673143509021187
GS1_SS_14636_13384 -0.379655540533906 -1.05110079724548 -0.262187860913267 0.974981740851307 2.11347849173454 1.04593221934217 0.0718902199278313 0.578410854452028 0.663457454497371 0.259838507320854 -0.503701410213301 -0.423823388071267 -1.29496370013793 -1.79255679101096
GS1_SS_14659_07726 -0.73223320158479 -0.0750656044500058 0.000375036928605075 -0.505153080048167 2.57255971910888 1.70252820170229 0.229729750667598 0.0822603562139314 -1.38143972601128 -0.475393832067157 -1.20894981733154 -0.0436004123172184 0.00454512263295041 -0.170162513444099
GS1_SS_14922_12346 -0.275378873564384 -0.685107781519969 -0.213779081819837 0.986112627080456 2.90453480580883 1.13680136844904 0.0573001320136571 -0.447537249189209 -0.445731392102235 -0.88977158471032 -0.0542617058038283 -0.46619777242127 -0.83960888784994 -0.767374604370992
GS1_SS_15062_05584 -0.773224204595205 0.283419064914972 -0.604909347505088 -0.0610030037601745 1.27148961486992 2.38735477854143 0.183988621559884 1.15616276834521 -0.698417601444042 0.423369751643606 -1.08180144259375 -0.442828374010902 -0.753587471268025 -1.29001315469782
GS1_SS_15208_09631 -0.337727145896329 -0.593099105300722 -0.770634559774329 -0.398507842973756 2.1738180869102 1.98155261656324 0.570572148694402 1.07371848036851 -0.379901507133727 -0.251982948233531 -0.998562173814679 -0.655120224767484 -0.799319327527706 -0.614806497114089
GS1_SS_15224_19028 -0.69016606896537 -0.538971793597823 -0.547394873005486 0.868735352407822 2.65548107175829 1.75631734499029 -0.0563293435387449 -0.183728419579645 -0.75586608834514 -0.766394937604719 -0.2273178555143 -0.433472724016847 -0.43263041607608 -0.648261248912248
GS1_SS_15249_10377 -0.764874769200287 -0.86305711927646 -0.802348948618674 -0.121143315151239 2.18134521667328 1.91003215768416 0.549719444796721 0.931956074864266 -0.0498674258974675 0.098230531163997 -0.695172795482088 -0.614228567938372 -0.957492051410795 -0.803098432207042
GS1_SS_15305_05118 -0.645930075858495 -0.774992214423981 -0.464436443500779 -0.10548237061552 1.91716333221546 1.99177738107364 0.785853023852371 1.23212569986084 -0.706427953311066 -0.186146207218949 -0.635847096283066 -0.585432198405923 -1.04521606704547 -0.777008810339067
GS1_SS_15388_01375 -0.562783854691855 -0.781988528264939 -0.206832340361732 0.744249619510267 2.67304588277249 1.66408979179358 0.278183607941328 -0.0420191068201007 -0.725650878514847 -0.470594973282615 -0.500300279514481 -0.49722731680084 -0.794280379119504 -0.77789124464675
GS1_SS_15450_19545 -0.239133648043538 -0.620210893743691 -0.451396718088576 -0.373908244017376 2.33726586664046 1.82252100316748 0.684178419788182 0.976143920306455 -0.849908870454749 -0.538110010501586 -0.973521436234998 -0.608218629899339 -0.572241838366281 -0.593458920552443
GS1_SS_15484_09884 0.0972343330980589 -0.438077264172975 -0.599507167725022 -0.531477985571828 2.75427575080272 1.55818890065026 0.346767603700963 0.398347106563016 -0.891140464988304 -1.17273666980275 -0.467352117148735 -0.112847588018464 -0.570511122872841 -0.371163314514096
GS1_SS_15491_00555 -0.667638829179282 -1.00956713905057 -0.5202465941793 -0.104080283591112 1.95453405745645 1.98162821830203 0.704409476041148 1.21757288245653 -0.543005689289591 -0.0683159912749396 -0.91202816000646 -0.608573558535907 -0.787395020116769 -0.637293369032227
GS1_SS_15739_14276 -0.635524576635134 -0.246970314899528 -0.398205350222145 -1.07769955037632 2.66679484750787 1.37273340536912 0.678686611142456 0.800704515288757 -0.44074370212636 -0.741870456395672 -0.392608198655801 -0.0836454321936077 -0.955681646230015 -0.545970151573629
GS1_SS_15866_10861 -0.578385448164812 -0.622682181766825 0.867086911479828 -0.244994242633871 2.72288690870101 0.794813293497596 0.0557106363128477 1.02842027807242 -0.28532758428202 -0.155701353320339 -0.839503035713521 -1.05166107559685 -0.76256660366792 -0.928096502917548
GS1_SS_15879_20914 -0.840062201105669 -0.817687437640682 -0.346948482022954 0.237402136625725 2.63997382519613 1.38959383971591 0.535008213781372 0.830441983804496 -0.357158325545812 -0.95084986486434 -0.837889893973146 -0.258101120302765 -0.503354595564608 -0.720368078103653
GS1_SS_15904_05745 0.0598843110375571 -0.323829945700596 -0.615893089042608 0.5202935595341 2.78524862035519 1.16998748347803 0.12545194829746 0.361160425308424 -1.51852494212419 -0.491936752908923 -0.876009956566383 -0.742003106692129 -0.227512522353476 -0.226316032622456
GS1_SS_16053_18290 -0.0789250884623368 -0.836012143931775 -0.422439992543585 0.63597135710478 1.92512888189794 1.90950273008227 0.83911133070855 0.130465345867704 -0.799889689651207 0.141143216275082 -1.69492962206669 -0.551616180886496 -0.804499404436831 -0.393010739957398
GS1_SS_16054_21526 -0.81160336079492 -0.639119528576396 -0.856365600990038 0.207782055915245 2.16956183619997 1.68075817326928 0.420253489374741 1.38771470745857 -0.247002304467158 -0.657621254523712 -0.269085009630084 -0.618827313021276 -0.802650912755896 -0.963794977458323
GS1_SS_16085_12578 -1.10413284474575 -0.868990289272455 -0.905832901650759 0.770831043435975 2.48368743715316 1.30038941606177 0.560286349756435 0.616633874570311 0.171163346666765 -0.355360928469048 -0.815893583197841 -0.859237833054669 -0.451801884400489 -0.541741202853407
GS1_SS_16172_18754 -1.28618415923789 -0.867158628271461 0.0842885180724069 -0.722083637739271 2.46020647716039 1.58291677014563 0.134686777810637 0.481714794865305 -0.850599200071757 -0.358496192484898 0.692667510626753 -0.434093582092243 -0.855999013615139 -0.0618664351684597
GS1_SS_16190_13335 -0.395493391193318 -1.37473564419225 -1.17860700982909 1.26179356917541 2.13316507327461 1.14131455092375 0.230156952425172 0.628017896419017 -0.741800522725989 0.48540436086066 -0.347581967656031 -0.0447033194466324 -0.625608316053984 -1.17132223198132
GS1_SS_16206_10830 -0.210968257025551 -0.543514958505783 -0.322151039749363 0.0524648227615005 2.28814023753222 1.80033829891513 0.0755026966592273 0.895851336756546 0.138305944197813 -0.78090522432149 -0.876061659986015 -0.128833228346698 -1.15051285337633 -1.23765611551121
GS1_SS_16219_21289 -0.266748088463283 -0.375425035334242 -0.222358912980778 0.0548608419482733 2.24540712629563 2.200337656936 0.354190147883937 0.324427290759652 -1.00724797371549 -0.707918667779823 -1.20113172869654 -0.406038259804935 -0.54975034134791 -0.442604055700485
GS1_SS_16315_13266 -0.455561034988214 -0.345246893998519 -0.265481284359816 0.409895829591711 2.18603835655734 1.79484744120157 0.477866311847669 0.740159396308552 -0.183169963775197 -0.204384221657831 -1.1836343655202 -0.59133228543707 -1.18108865457429 -1.1989086311957
GS1_SS_16319_11047 -0.57198567651454 -0.0704855005975961 -0.592072465937115 0.0346353640472107 2.17923491473075 1.85182024714279 0.381467261410331 0.698838534287009 -0.190470589415108 -0.271353394823342 -0.174936805594984 -0.475569087286183 -1.73099342619709 -1.06812937525213
GS1_SS_16362_19736 -0.840445127136387 -0.518318093080555 -0.326985098374539 1.03028333282126 2.28291653253721 1.85914384504381 0.206654582172709 0.239539940637805 -0.28886797833545 -0.374818347051043 -1.14015032587511 -0.637153820261245 -0.897247109939736 -0.594552333158734
GS1_SS_16509_13631 -0.581062780961049 -0.550742876296095 -0.396717760598127 0.590134496436803 2.48488597875912 1.81542248375693 0.438898811968012 0.200475209644677 -0.667171310209519 -0.624723443678583 -1.20565281705911 -0.724172730979633 -0.517997379257944 -0.261575881525493
GS1_SS_16531_20376 -0.352261206307772 -1.79027151685362 -0.528446525399264 0.476892791635546 2.08739037859331 1.73343486497622 0.246319830563637 0.653078110727038 0.0893907479965379 -0.6332860353654 0.225161743518317 -1.02688984942572 -0.362298750723779 -0.818214583935046
GS1_SS_16600_21832 -0.265262487615909 -0.238008280152814 -0.091000736867033 0.49067012120137 2.41473457958836 1.81596790047493 0.135291773584113 -0.175819134032481 -0.679030910010158 -1.81957819808692 -0.546889298067883 -0.35941338612478 -0.423006536872 -0.258655407018795
GS1_SS_16616_07068 -0.761854592065855 -0.817524214446299 -0.530456764098952 -0.075709728268343 1.82309389774413 2.16314809710419 0.908904797689378 1.0479447099721 -0.39363022234461 -0.60021147165999 -0.847706539833286 -0.443263379647656 -0.63106451538891 -0.841670074755889
GS1_SS_16660_13328 -1.09671007512022 -1.20572159678071 -0.854988874916534 0.666290608012429 2.36796046113261 1.53283741258576 0.476373578754357 0.504858763327379 0.319491780190788 -0.257321358334479 -0.499516521675819 -0.769675510138762 -0.689101776737534 -0.494776890299276
GS1_SS_16829_03250 -0.885234899835858 -1.07910669809993 -1.0547032549618 -0.0514505926162352 2.35906729069513 1.90895933948063 0.40950333332632 0.623033460785004 0.143505803120646 -0.502914290671738 -0.370051100253002 -0.554432670630024 -0.528673480650881 -0.417502239688265
GS1_SS_16841_18244 -0.604437224787585 -0.391099268544698 0.0677195626816708 1.31958668991493 2.08646552995603 1.92432868321144 0.107258197238686 0.0327321378578372 -0.612970743037301 -0.931555424360012 -0.965689497358874 -0.871820796612004 -0.749507035032749 -0.411010811127368
GS1_SS_16843_15376 -0.788869410470545 -0.665483376332353 -0.457970500736303 1.39926973584835 2.31372850249527 1.64716349534417 0.212240002877968 0.251499195558302 -0.547705798291352 -0.665483376332353 -0.758022901935997 -0.640245323894996 -0.749610217790211 -0.550510026339947
GS1_SS_16933_05615 -0.675904066937249 -0.569071925394811 -0.570741177606411 1.25041298524984 2.42890504663987 1.62599473285998 -0.580756690876015 0.358698453812804 -0.679242571360451 -0.998069743776165 -0.715966120015664 -0.113366071627847 -0.225205969805087 -0.535686881162799
GS1_SS_16934_08639 -1.06214635715508 -0.642132857794753 -0.512672337792418 0.555691176789958 2.64004744543597 1.76859799040407 -0.375251462191234 0.415337538599724 -0.384887682126683 -0.449827425169925 -0.382792851705933 -0.391172173388932 -0.332516921607939 -0.846274082296817
GS1_SS_16946_20384 -0.85574279476698 -1.14241337503812 -0.223649359822841 1.98361281124011 1.54499669372278 1.45281640112676 0.385145759410217 0.615090005776114 0.0154116187778275 -0.497151326865978 -0.724056662486951 -0.81218507408974 -0.820288836076203 -0.921585860906995
GS1_SS_17135_14149 -0.736838052881833 -0.372236469258203 0.196769538587115 1.62359151598616 2.06349714139832 1.61383991345239 -0.510384171819905 -0.113277246417051 -0.493589745233973 -0.765551104786815 0.250240825813939 -0.69187233008724 -1.08897925549009 -0.97521055926281
GS1_SS_17418_19637 -0.00301975501990806 -0.877548551746878 -0.977819904331006 2.05742103875609 1.61378805448524 1.08072386385557 0.589665239848974 0.396168629727172 0.033294734834884 -0.898144829574969 -1.39245549744915 -0.64150436769073 -0.24041895735422 -0.74014969834106
GS1_SS_17460_03701 -0.456578916216123 -1.15425722654964 -0.48291577550934 1.36265206250966 2.61737979298838 0.654538392833547 0.403816461580858 0.119353535120445 0.469683455907573 -0.402936199976449 -0.637458478154442 -0.911013969492475 -0.935611602228593 -0.646651532813395
GS1_SS_17469_11499 -0.602824665001028 -1.287770833858 -0.312878127264027 0.031976160614474 2.26862655413353 2.30224354401608 0.230596542503879 0.0546676287851958 -0.37590998329381 -0.237800183192997 -0.76950890650201 -0.408126265264588 -0.345094409234805 -0.548197056441883
GS1_SS_17506_18751 -0.558074514742535 -0.816942621672493 0.0214338042664484 -0.498701095721902 2.80008606506445 1.5432695312357 0.320652086762829 0.389525252826763 -0.196181651127974 -1.11618465353648 -0.517700589808504 -0.180459569771311 -0.568524236490166 -0.622197807284818
GS1_SS_17554_00845 -0.400148937313941 -0.68028869910693 0.313515094630177 0.865983370105325 2.69594576843367 0.91178568857338 0.76443714466452 -0.246054315491181 -0.242503748168076 -0.787160775532392 -0.535070495591933 -0.382396100698415 -0.940545283890531 -1.33749871061368
GS1_SS_17562_08137 -0.505254635784167 -0.341574775220286 0.124912827386773 1.0552931079822 2.61803655719515 1.54613308008778 0.0670260474312545 -0.460142869336073 -0.597673874126943 -0.944994553860055 -0.70147085887477 -0.85716633599651 -0.671529420966743 -0.331594295917611
GS1_SS_17588_08540 -0.946657274583343 -0.799225094165943 -0.585210638721329 0.390219690427347 2.26831543387353 1.99723045697702 0.528615704948197 0.525286591196836 -0.0720515333330201 -0.428266704728611 -0.642281160173225 -0.789713340590626 -0.794469217378285 -0.651792913748542
GS1_SS_17746_06476 -0.750934135972268 -0.984608927724394 -0.576086564521376 0.162603572622321 1.7484056821038 2.16264735839166 0.732819087181094 1.10718898082034 -0.185620889771931 -0.335875414958001 -0.835906787518495 -0.767275030500388 -0.53196614929545 -0.945390780856904
GS1_SS_17817_08022 -0.739296189250343 -1.32044266529106 0.101369896320012 1.16384761396698 2.24795196574141 0.628727051582154 -0.0990923661692251 0.82724846229072 0.340233297612512 0.492035633314942 -0.316745030144399 -1.27108957715402 -1.12081219642211 -0.933935896397568
GS1_SS_18042_19411 -0.645223610499419 -0.215008237654091 -0.197604703153876 0.96077455318047 2.50829684093963 1.78848665401072 0.105216797149874 -0.389739724036255 -0.531056424178005 -0.951525817703212 -0.904188203862626 -0.764959927860902 -0.524095010377919 -0.239373185954393
GS1_SS_18047_06054 -0.573690320684497 -0.527818618979329 -0.472537337437205 1.40585003751542 2.59204519571186 1.4464288505623 -0.368443860490863 -0.423137043293178 -0.703660142182471 -1.01300007932245 -0.56016404966887 -0.247883618829847 -0.369031959230673 -0.184957053670194
GS1_SS_18077_08194 0.230905999601122 -0.448865852494146 0.0230877671052527 0.716740608012268 2.10920208567066 1.89107226148607 -0.125240513340273 0.0627477351388156 -0.99022441615228 -1.39435949041429 -1.08739133783451 -0.99657001103765 0.211869214945012 -0.202974050686056
GS1_SS_18150_04075 -0.938533182874277 -0.480634624025696 -0.33672364838757 1.44450174553341 2.71811387993082 0.396895256967693 -0.154872506444848 0.680138222655458 -0.0788613456759832 -0.306633171663235 -0.948345294849604 -0.827329247153907 -0.203017269203784 -0.964698814808482
GS1_SS_18151_13793 -1.13132101147969 -1.44466365487904 -0.307623359403213 -0.182548635419344 2.62587589402503 1.24571085542419 0.266332918845766 0.140995861486027 0.876986721563562 -0.461787939955692 -0.0473012060823239 -0.30438791443416 -0.44371608517359 -0.832552444517523
GS1_SS_18245_20602 -0.715478386959911 -0.551097923293926 -0.27528647223898 0.32667794686862 2.53024547975259 2.01734682148709 0.392509161404084 0.0100084671043884 -0.70678518936219 -0.439666935904965 -0.703624026599383 -0.640400771343235 -0.66410949206429 -0.580338678849894
GS1_SS_18280_17755 -0.828068379266854 -0.779643271659691 -0.549624010525669 0.562660356954518 2.46349379614223 1.72770118888895 0.0503092670519572 0.605045777529565 0.0987343746591198 -0.310054242058011 -0.370720140754762 -0.988140262746086 -0.966617992698458 -0.715076461516808
GS1_SS_18323_02083 0.111819336126174 -0.205337260307272 -1.21026040855707 0.190217595918711 2.86644910065487 1.44280797396766 -0.155625636484277 -0.0449771834589004 -0.251663504730135 -0.303513262911109 -0.469040497791261 -0.688199269484036 -0.167919909042652 -1.1147570739007
GS1_SS_18508_15468 -0.780535098173605 -0.688808345999728 -0.102710137304307 1.12666659312999 2.24406521052085 1.82831668443406 -0.106283906869523 0.218929123565131 -0.495824789478065 -1.10813064165174 -1.10693938513 -0.636393059043227 -0.289737411217277 -0.102614836782568
GS1_SS_18576_21874 -0.77813659843605 -0.951480870429178 -1.11143676369113 0.672036213604019 2.77823958347174 1.08778060578266 0.179484806599156 0.26615694259572 -0.0791222983662012 -0.179887464606109 0.207670867085844 -0.315180554942209 -0.748541234925028 -1.02758323374323
GS1_SS_18611_17232 -0.921346843887435 -1.05581823020579 -0.950459205873883 0.583623640516756 2.51945708232038 0.950162140955654 0.54993647878958 0.688150883077621 0.0907929411747422 -0.391779116324428 -1.34694185007027 -0.875598846480159 0.00747613377543131 0.152344792231804
GS1_SS_18645_02713 -0.772572951151674 -0.614178525334244 -0.563955902514083 0.739127995735172 2.39531556519694 1.93558540245855 0.450154750585322 0.146501046457272 -0.343749017841069 -0.621905082691191 -0.733940164366935 -0.726213607009987 -0.803479180579466 -0.486690328944604
GS1_SS_18647_01241 -1.39566744033889 -0.981001373645676 -0.243374235777943 0.903037887548652 1.89076049689073 2.20475042719929 0.174282211203922 -0.268294071516717 -0.0769097330429272 -0.105717063156951 -0.923187354731718 -0.442732921688141 -0.780645894305927 0.0446990653622937
GS1_SS_18678_05860 -0.401147804315335 -1.16904289652751 -0.640082637491342 1.42349585808987 2.59386002404114 1.35381247067193 -0.144142801811177 -0.389855928126929 -0.598906090380742 -0.605240943782373 -0.237819446487791 -0.524471562911582 -0.448453322092013 -0.212004918876146
GS1_SS_18712_11754 -0.760905786907382 -0.773357781082371 -0.606501059137515 1.07651047355404 2.45917990674485 1.71629393426499 0.402110469036619 0.00613705427195903 -0.342518782627741 -0.596539463797523 -0.628914648652495 -0.641366642827485 -0.69366501836244 -0.616462654477506
GS1_SS_18737_07574 -0.648727702103424 -0.552751650439878 -0.672721715019311 1.0828618462209 2.8654224598206 1.27403576534532 0.0503411066351071 -0.304381192418675 -0.374417770659641 -0.516436387648266 -0.484660532705606 -0.327078231663432 -0.659751978308021 -0.731734017055681
GS1_SS_18921_12375 -0.711813909584074 -0.574170335907596 -0.164168201552128 1.2717178446942 2.05277191064137 1.97370007044424 0.218012359400647 0.105261772452894 -0.155382441530225 -0.582956095929499 -0.785028576433265 -0.887529110022132 -1.01052975032877 -0.749885536345654
GS1_SS_18980_08848 -1.1230295877553 -1.0582714424896 -0.377591382252396 1.20711238589394 1.88030928267822 2.12782930458266 0.259916581141016 0.202353785349286 -0.678069176285227 -0.122588196895031 -0.72440722689757 -0.500775765246698 -0.544811304027372 -0.547977257795917
GS1_SS_18984_14109 -0.941206006410556 -1.37136359507131 0.0705196110366273 1.81582742734491 1.96172883168599 1.46490939449009 -0.217987838340576 0.0331889758569456 -0.476208168609736 -0.00416681473727773 -0.262764476224561 -1.00006967643782 -0.629278866095156 -0.443128798487579
GS1_SS_19042_12731 -1.1333410091327 -0.84027999574592 -1.4692340167837 0.910421411916954 1.8942046907015 1.60114367731472 0.779671113636698 0.307076414818201 -0.0436049024313957 -0.893030978155541 -0.0372026464466383 -1.15498243781357 0.162439533134387 -0.0832808550129906
GS1_SS_19048_09907 -0.402039509390319 -0.440055164231358 -0.546275376287203 1.33661764583957 2.42900866877178 1.65416017451178 0.0686837461413735 0.0116602638798145 -0.68156638322149 -0.887298162361232 -0.787786595277336 -0.693865565670062 -0.558574558735775 -0.502669183969541
GS1_SS_19100_20444 -0.426725712834813 -1.02610741368076 -0.120622676555721 0.807147034364358 1.84991561949094 2.42175645649583 -0.0569212891981897 -0.283555267981749 -0.918256549936817 -1.15645348682158 -0.704446942865501 -0.158149731484167 -0.129662807434842 -0.0979172315569968
GS1_SS_19205_18889 -0.889583886934719 -0.551800445527142 -0.380788745065565 0.526986587219317 2.69742186324281 1.76321744997751 0.102849303677836 -0.404815182320497 -0.347575728860217 -0.191403886703158 -1.13691485867667 -0.41329510135165 -0.361002267326209 -0.41329510135165
GS1_SS_19267_20380 -0.779877158231073 -0.303692286119612 0.0153728105971474 1.35880479677298 1.8027550220897 2.06526472053785 0.0288843391937434 -0.264508853189483 -0.972898995325301 -0.89298795476829 -0.669854711087362 -1.19680432635461 -0.429735545742143 0.239278141626452
GS1_SS_19284_05163 -0.837413244530454 -0.581175932456834 -0.238465158958783 1.28834847281736 2.35626919580742 1.6114303010841 0.241117719125177 -0.0777200128753319 -0.294699434486327 -0.480378646133878 -0.30584018718518 -0.598152317521753 -1.25651775082064 -0.826803003864879
GS1_SS_19391_07832 -0.306928482636442 -1.15917384014911 -0.387895281548374 -0.230498616422161 2.92406558773713 1.17036660268342 0.556135714386007 0.00995881655336111 -1.32494638102483 -0.194901144486743 -0.194203154840951 -0.10468598276806 -0.36590860770591 -0.391385229777337
GS1_SS_19411_13637 -0.751668644790569 -0.566968125647662 0.018460728314132 1.42557846425798 2.3131851993617 1.66118584026713 0.0550092409360501 -0.0448465167631188 -0.413594903037828 -0.752973948812781 -0.937021815944582 -0.722299304290814 -0.683140183624473 -0.600906030225157
GS1_SS_19452_10064 -1.30908788695006 -0.498734941568886 -0.846982118425891 0.254466327916859 2.66484381830835 1.3972774657637 0.525547623311935 0.236231162845164 -0.0944479891256957 -0.353965521304575 -1.20679305849909 -0.0577552789204557 -0.247445471678454 -0.463154131672895
GS1_SS_19455_04595 -0.83496895136026 -0.462534233765339 0.0618724574214027 1.19778542329904 2.39572776615293 1.54928522616448 0.016642703376218 0.0857796131310003 -0.069552285047034 -0.594088204102476 -1.05465632815116 -1.08179418057827 -0.860814525100365 -0.348684481440174
GS1_SS_19498_15716 -0.782686264290836 -1.04023661181009 -0.365234990112702 0.439152114224695 2.36772817621724 1.65976987497947 0.0314657821325999 0.964017751349249 0.285476338145669 -0.711890434167059 -0.720434758492342 -0.825407885917253 -0.811981090548951 -0.48973800170969
GS1_SS_19654_14095 -1.05562953912084 -0.972623846496873 -1.16163680921891 0.160453861249525 2.33660310401754 1.83956901685959 0.533479443764446 0.210457290541069 0.277761906367488 0.0599469683735201 -0.570596274992855 -0.526593257216296 -0.750608620442415 -0.380583243684987
GS1_SS_19756_20122 -1.22755728169418 -0.938297018410307 -0.844287432843046 0.543384443961992 2.13870903227195 1.91272445158142 0.253274478654718 0.396458308980238 0.426649848960492 -0.394668511101169 -1.18236036555608 -0.460656008662803 -0.376589744645926 -0.246784201497286
GS1_SS_19851_18640 -0.177408214367976 -0.106735985419544 -0.396003997601866 0.246349261732129 1.942758654085 2.43937431696587 0.113345400224674 0.472712623282874 -0.572153997683545 -0.720714238716286 -1.21096303412433 -0.877763636379469 -0.69949134714018 -0.453305804857352
GS1_SS_19935_21568 -1.0198162223167 -1.4703931168596 -1.72954845489735 0.520391070793993 1.93396564190897 1.73076429731119 0.379033613682495 0.302170496378118 -0.265291345513851 -0.173143953159293 -0.192286108809809 -0.274744625458182 -0.269738215518817 0.528636922458831
GS1_SS_20039_16371 -0.831707345852211 -1.0510146657364 -1.13873759369007 -0.0821636614480387 2.05827578062161 1.9071974047014 0.847212025261166 0.658266585440947 0.253620212774637 -0.0641317262575613 -0.383345714088987 -0.490562626032367 -0.802466369867653 -0.880442305826475
GS1_SS_20361_09400 -0.259174413111779 -0.646712031555015 -0.3327714098116 0.0110473956666682 2.73391658103258 1.82438951733927 0.0787126941250111 -0.401754863434716 -0.684059761223581 -0.604750758809744 -0.55224424474629 -0.755240140121318 -0.771277694626055 0.359919129276566
GS1_SS_20578_10954 -0.812927579914859 -0.912265993739434 -0.610795503089202 0.200583384784044 2.07911598082146 1.9089449588785 0.758346983101679 0.989848677927645 -0.22985428137931 -0.303278326380083 -0.569332512971118 -0.710997729207904 -0.887215437209758 -0.900172621621659
GS1_SS_20584_00585 -0.236064481754604 -0.673277569446312 -0.201132508253463 -0.304801590902012 2.57539596615986 1.5139147068671 0.780343263343129 0.781357417412517 -0.409597511405437 -0.673277569446312 -0.783707679224115 -0.918928221809179 -0.927942924648183 -0.52228129689299
GS1_SS_20686_06398 -1.06960592983339 -0.598848405280824 0.0838546181036336 1.31347327223494 2.45793712081385 0.894812913732857 0.0570737455957542 -0.749490813137645 0.715715828836414 -0.487958855052885 -1.44411969381077 -0.594663893951467 -0.26325059666646 -0.314929311584008
GS1_SS_21159_09685 -0.88433356927577 -0.397326089698071 -0.886469566993216 1.94735860474246 2.3751989475469 1.05829227480989 -0.0122057012425489 -0.548981927636741 -0.80316565601282 -0.20615429398665 -0.316158176435121 -0.466318815971579 -0.280850134165738 -0.578885895680985
GS1_SS_21167_18148 -0.865591971640893 -0.923200885034283 -0.612921298862864 -0.39491704238998 2.26651368811556 2.00272550573529 0.915230930098657 0.0878860791542779 0.123361041612313 -0.00691595727203863 -0.340036972262592 -0.719042981429636 -0.607867885407303 -0.925222250416508
GS1_SS_21274_19436 -1.07796353293804 -1.330020588001 -0.859646398631533 0.703702753125142 2.61358073806287 1.25207570047866 -0.137215154199097 0.586009970721726 -0.36942519705238 -0.21263380059589 0.203379422331261 -0.150711122501681 -0.407134520250777 -0.813998270549264
GS1_SS_21518_11844 -0.44624824014743 -0.599576297833149 -0.502633396844759 0.322964002797181 2.40565363280693 1.58856346733336 0.384690911181625 0.798182060295369 0.213557014538855 -1.15947101170487 -0.66882122711057 -0.391841510000885 -0.742023009489558 -1.20299639582211
GS1_SS_21535_16605 -0.72673498678798 -0.677765822793669 -0.486340908997724 0.789472753385887 2.46071241502356 1.80408044328166 0.490816499797853 0.0551022338030145 -0.285456043066515 -0.3288605293342 -0.677765822793669 -0.839141476865831 -0.805753410506073 -0.772365344146316
GS1_SS_21970_03671 -0.0356402505680433 -0.133764834236206 -0.386980773757658 0.301799289935249 3.01794227952758 1.0963358493594 -0.321019248069616 -1.13627099737926 -0.171106689687701 -1.1185540586614 -0.0435447309190897 -0.452397162869766 -0.731888685351249 0.115090012677773
GS1_SS_22024_07517 -0.209237208611793 -0.722278916331102 -1.56913749678831 0.071916442472795 2.59663659022836 1.49807046111637 0.094284154895436 -0.214899920617525 0.24944246385249 0.420456366425593 -0.690567729099004 -0.118633816520083 -1.02466773743719 -0.381383653586043
GS1_SS_22202_09395 0.0352479265089923 -0.50811015686204 -0.742116714300582 -0.208787483391202 2.57589055012745 1.44828752334942 0.280569086724783 0.80078366441508 0.0146759214594502 -0.0856126031570678 -1.07306884553509 -0.34790566753873 -1.00620982912408 -1.18364337267638
GS1_SS_22244_12036 -1.23518822716659 -1.51887579482117 -0.421644203925069 0.0989424607188014 2.66451692819772 0.839726616256245 0.465738498897536 0.0678167402676866 0.0729710636800022 0.599990643590406 -0.707769087301748 0.407802305503291 -0.542351266162319 -0.791676677734792
GS1_SS_22439_20532 -0.60157326977184 -0.732744469942969 -0.795945139116331 -0.247411029309791 2.49764445063511 2.11844043559494 0.503842208033948 -0.0411145054042883 -0.126972018243573 -0.587263684298626 -0.696970506259934 -0.369400245468941 -0.555067116983894 -0.365465109463807
GS1_SS_22568_04538 -0.927411469604978 -0.432368378739891 -0.334333898252554 1.24824714568126 2.27242181261513 1.58900532181634 -0.202559291291767 -0.263629743602073 -0.418174343930993 -0.164885878064045 0.545829269596127 -1.25550205554916 -0.96098058361085 -0.695657907062551
GS1_SS_22576_17541 -0.836915090484531 -1.0350140615399 -0.921107153183061 0.464760231825102 2.17749091907462 1.83659560638351 0.675240388571428 0.731368430370448 -0.0197568348811467 -0.567005242421595 -0.645419418464344 -0.864979111384041 -0.69329333646939 -0.301965327397103
GS1_SS_22649_16099 -0.92693259153875 -1.0942350999068 0.259167281219827 1.60507850525535 2.17690349654317 1.27796464561035 0.16914854350836 0.10784590797947 -0.80632496237193 -0.159338694936673 -0.567357051165623 -0.103654427226112 -0.991855952995009 -0.946409599975627
GS1_SS_22685_20741 -1.40836078656595 -1.07574777312835 -1.32003201951198 0.305769349075099 2.07372482713966 1.70522825208639 0.421562842134909 0.294728253193354 0.273474143620993 0.201707020389645 -0.305631335376578 -0.167479623156233 -1.13771592376465 0.138772773863693
GS1_SS_22749_13606 -1.38926862673337 -1.020977619834 -0.470625775561736 0.273600013851892 2.3388092072574 1.97399264381935 0.466779070300994 0.0163522199761451 -0.361528250876451 -0.0658531123185628 -0.0689801114337461 -0.704803264854352 -0.388281465528575 -0.599214928064996
GS1_SS_22821_01208 -1.0652294916359 -0.686739607479763 -0.75361563964269 -0.0314967817132085 2.52259848919008 1.76206148512445 0.328780055385796 0.478183957026378 -0.0556859848359695 0.179803022035615 -0.308249723323621 -0.773536159861435 -0.709505916301185 -0.887367703968545
GS1_SS_23277_13408 -0.82733923484676 -0.666124151600238 -0.397432346189367 1.45014368720729 2.51808698998319 1.43223090017989 -0.137270439362969 -0.354782853267007 -0.225128394783031 -0.667830131317132 -0.892166464088748 -0.508321027787504 -0.723274472116201 -0.000792062011415232
GS1_SS_23371_08635 -0.859888604955109 0.0884064966363203 -0.659598473632435 1.12217573070303 2.49146282806823 1.61545928130664 0.0352509416143792 -0.243284166700592 -0.412335841447972 -0.345768076782895 -1.02956113658515 -0.833948694104402 -0.773138739159301 -0.195231544960758
GS1_SS_23508_17669 -0.82384162197495 -1.2513469395398 -0.382478077023415 0.52838541393746 1.30612593272932 2.20061151859684 0.449015566177384 1.29016797392041 -0.294289357289997 -1.14678031471304 -0.167885525672098 -0.604209715210295 -0.0461011031830919 -1.05737375075473
GS1_SS_23514_11050 -0.734863082522203 -0.585321688766134 -0.191407773506244 1.4648543461189 2.19395982445642 1.69792007931434 0.314115084410615 -0.100223996825714 -0.33000711406065 -0.756747188925531 -1.13242434884931 -0.745805135723867 -0.621795199438346 -0.472253805682277
GS1_SS_23680_05168 -0.464148837048313 -0.693955091292695 -0.58890080363812 0.103800905584231 1.96851451145293 2.02432460176942 0.48790564482127 1.33603845557505 -0.772745807033626 -0.549505445767655 -0.674257412357462 -0.641427947465408 -0.716935716717133 -0.818707057882503
GS1_SS_23748_09247 -1.07910470392408 -0.424770049703649 -1.23665599810731 -0.156507035283558 2.43244396102462 1.43036095477814 0.110336598107855 0.484343499164437 0.561983641433109 -0.843487453163579 0.666733961349525 -0.424770049703649 -0.556772485370678 -0.964134840601186
GS1_SS_23772_11629 -0.584492431063515 -0.465052161780352 -0.482350407676535 1.41716173692328 2.58438147191804 1.34714502734349 -0.0927280120149083 -0.130619407787498 -0.681692098480157 -1.09849745197864 -0.680868372485101 -0.531773967379912 -0.504591009543054 -0.0960229159951335
GS1_SS_23789_21598 -1.25789537113219 -0.792418669920281 -0.415604197510637 1.84897689648066 2.10203367452047 1.04916970749352 0.226642822375801 -0.0448852533311488 0.0942036181024111 -0.197642885038392 -1.32993343203404 -0.844138303388272 -0.230891220839243 -0.207617385778647
GS1_SS_23837_14248 0.294009592911832 -1.34318604589464 -1.59210616169077 0.420871511576351 2.08055730119599 1.23990603293713 0.596644049485022 0.644681264814099 -0.0169222008545615 0.132429868623116 0.184397401570028 -0.582451235865067 -0.676342156735537 -1.38248922207298
GS1_SS_24205_07257 -0.709355354445181 -1.24522619263439 -0.874037612035034 0.646565909293495 2.43118384358353 1.20558935512572 0.657395354803939 0.0897830383944679 0.276310901582975 0.644885478093598 -0.901671369544443 -0.686949605113229 -0.71495679177817 -0.819516955327283
GS1_SS_24206_11510 -1.45630214432486 -0.645485382800683 -0.732722580873169 0.44824079677164 2.46121875977132 1.3320269903284 0.816349160600864 0.238708461214363 0.157789845245259 -0.176279705317365 -0.938586062305902 -1.05680469520787 -0.31141583223806 -0.136737610863948
GS1_SS_24210_14548 -0.939715222271096 -0.92877734503543 0.305890237326519 0.115505546162521 2.34821067477003 1.54318291022503 0.539085779990912 0.846002615223693 0.105727083913836 -0.587515575282659 -1.04034369283922 -0.832524025361571 -0.622516782436789 -0.85221220438577
GS1_SS_24241_16877 -0.352889889918902 -0.478084157454141 0.104150481563638 1.43234784714203 1.88597382950998 1.89085152824512 0.0568368038327883 -0.0699833632808301 -1.20811306814664 -0.982113026751855 -1.08454470018978 -0.855292859638237 -0.00413443035645127 -0.335004994556725
GS1_SS_24251_19298 -0.512585687306495 -0.710157076559414 -0.657858767639524 0.0597902492056364 2.09070791226137 1.92509660068172 0.59148972322452 1.2362116537425 -0.585222227473009 -0.419610915893357 -0.939688543485598 -0.704346153346092 -0.681102460492808 -0.69272430691945
GS1_SS_24339_02445 -0.917600467660601 -0.758482863796686 -0.786562440949142 0.644560007921009 2.47534843826111 1.80143858660218 0.444259024233493 0.243958040545977 -0.107972659764799 -0.42152793796722 -0.711683568542594 -0.683603991390138 -0.678924061864729 -0.54320610562786
GS1_SS_24384_17503 -0.725325767581884 -0.982640963585848 -0.963527485702545 0.760986056318446 2.77554662521856 1.23213328614186 0.332605233258923 -0.511971570709517 -0.262492900637708 -0.157894392921334 -0.999365256733738 -0.0518145906690035 -0.548287178687793 0.102048906291584
GS1_SS_24536_12695 -1.04089990165096 -1.11474316407521 -0.483383270347879 1.00492768381286 2.39650396419783 1.4609098292826 0.270187222691583 0.426365722718869 0.253941704958248 -0.36523405046908 -0.398463518559992 -0.823062277499424 -0.841523093105486 -0.745526851953963
GS1_SS_24541_12529 -1.13271296910509 -1.01772963289437 -0.573401169394367 0.671156560162632 2.39316890484225 1.53900697870546 0.571504335446673 0.147982380403849 0.454330840450986 -0.380940966165469 -0.927659352862638 -0.839916116539932 -0.708095934669784 -0.196693858380194
GS1_SS_24555_08612 -0.537661454539346 -0.542370129668609 -0.591395747190935 0.764453407235849 2.76173490662424 1.45992472382799 -0.343220869789779 -0.706342816522944 -0.897182649703074 -1.0356730946814 0.27887820905285 -0.283116016669187 -0.259018679242959 -0.0690097887326987
GS1_SS_24629_14833 -0.873642056820433 -0.927333842577615 -0.927333842577615 -0.0810170695800335 2.49551749944274 1.74987282473987 0.45925652460161 0.557915180930432 0.174018912766581 -0.186387199128503 -0.347462556400049 -0.511893650281419 -0.785050610321083 -0.796460114794484
GS1_SS_24691_11729 -0.828638811423045 -0.789701382657341 -0.548660156964893 0.48410878696352 2.53295920534933 1.7440127320252 0.212473867240876 0.0316929479715401 -0.331444929350506 -0.438337442128734 -1.31072126280794 -0.722951504773279 -0.24921278812389 0.214420738679161
GS1_SS_24933_11263 -1.06650307000142 -0.184159146831751 -0.842360107087922 0.266887421835488 1.43081691470985 2.66461190715648 0.272408707515972 -0.199024146740747 -0.465213823682547 0.101461208562522 0.357351564138804 -1.36486485388912 -0.706557715062169 -0.264854860623442
GS1_SS_25197_04604 -0.741565701456262 -1.06043349026812 -0.676814771161134 0.0349567758188982 2.02195513491317 1.90467043098237 0.76455315436508 0.848619409338811 -0.116364926565151 -0.0539963418186166 -1.03355574561731 -0.0387126788376345 -0.781882318432474 -1.07142893126163
GS1_SS_25213_07990 -0.364586429638917 -0.0712882868973361 -0.349510356881172 0.616043575648938 1.79745945902857 2.33814225020406 -0.18161772844265 -0.188676071597413 -0.174079692063778 -0.777807878408012 -1.3760538564767 -1.33493729441013 0.408199354402393 -0.341287044467856
GS1_SS_25231_12369 -0.656220722528313 -0.849069937775864 -0.174822681459239 0.310200344858849 1.90301886327565 1.61664502860353 0.880048026003867 1.36434605527215 -0.135745340474867 -0.49092139517327 -1.09484393765902 -0.912144681108709 -0.806295111837497 -0.954194509997273
GS1_SS_25249_15330 -0.640212801434173 -1.03464847135068 -0.733845194105941 0.711927420298298 2.01393376248998 2.13926846134195 0.349194056561997 0.525473624182626 -0.0680967643216333 -0.371111830369641 -0.466218748910256 -0.535521464746053 -0.870976099908689 -1.01916594972779
GS1_SS_25251_11076 -1.05059301426295 -1.10957571143083 -0.209925738795185 0.070717211146102 1.72650897739144 2.13447263280261 0.781147414450681 1.14159723047662 -0.424721060981551 -0.56070894611861 -0.524663964516016 -0.827769491628737 -0.736510151843988 -0.409975386689581
GS1_SS_25263_12271 -0.342683908554324 -0.460681857306055 -0.189387428124725 0.770228368775033 2.35311538215829 2.19376772486963 -0.335119937480495 -0.513125390084602 -0.811650115131715 -0.902417768017662 -0.417315089816102 -0.305368317923435 -0.387059205520787 -0.652302457843053
GS1_SS_25346_10711 -0.495044483333947 -0.393712384398912 -0.262350256144224 0.378290369341713 2.46037240217101 2.1639221127334 -0.479644468298227 -0.196130191490629 -0.825990806451562 -0.470404459276796 -0.328570320797818 -0.420970411012136 -1.09241106656951 -0.0373560364723599
GS1_SS_25515_00893 -0.544075990746858 -1.010078243604 0.346966751104183 1.84563662977678 1.91860495406758 1.61843980187134 -0.544075990746858 0.137182818768138 -0.683379155302018 -0.829315803883614 -0.466132553436233 -0.336779614920727 -0.708254720401154 -0.744738882546553
GS1_SS_25679_12277 -1.06198245362285 -0.799614629027899 -1.2364057560072 -0.519657899990832 2.58185224996956 1.17327415256316 0.806838643352341 0.412554035441497 0.421348487662557 -0.00957967116936857 -0.192797425774779 -1.11035194083868 -0.317385498906459 -0.148092293651059
GS1_SS_25776_00124 -0.833940696873138 -0.499271874932681 -0.88352126308654 1.36669273450867 2.18117748597932 1.54127830328761 0.375205361656182 0.460731838374299 -0.0561455644004078 -0.514765801874369 -0.455888879495955 -1.06944838638679 -0.833940696873138 -0.778162559883062
GS1_SS_25786_18600 -0.547287204553848 -0.393215484755056 -0.0837025187592611 1.18447892598457 2.18834177587359 2.0342700560748 0.0130545212743802 -0.133005469094875 -0.495929964620918 -0.838311564173788 -0.99238328397258 -0.687663660370525 -0.67396839638841 -0.574677732518078
GS1_SS_25853_14881 -0.753313595486624 -0.128360870494322 -0.00499845884754431 1.26071867080245 1.85404803646398 2.10453009056911 -0.356456091013807 -0.480131605228215 -0.116149870356696 -0.549014170107126 -0.0472673054777853 -0.827675455299085 -1.56424924565199 -0.391680129872341
GS1_SS_25867_08379 -0.441602051873369 -0.544410129242871 -0.143222287094066 0.502932387683451 2.42402539204667 1.77645267482268 0.413950224167089 0.289871510100448 0.0109898289601882 -0.737027561555847 -1.29360922179764 -0.734664157478387 -0.637764590302534 -0.885922018435816
GS1_SS_26166_21382 -0.644122467994032 -0.711849086170443 -0.838836495251214 0.531696281821189 2.78453757718679 1.32502895548513 0.455588494645447 0.29473777647647 0.122881482853826 -0.522214555276491 -0.545918871638235 -0.842222826160035 -0.704229841625597 -0.705076424352802
GS1_SS_26197_08058 -1.00906020880239 -0.872692228911927 -0.522974344999284 0.890193833704321 2.41333618973895 1.7402942244731 0.26356097127217 -0.133005912183488 -0.418278928180153 -0.661101911727045 -0.254637352311596 -1.16962250770568 -0.391885125620709 0.125873301253733
GS1_SS_26218_09057 -0.802797006434309 -1.25480303256355 -1.31318714427192 0.659282402626213 2.25295206604361 1.52597570735241 0.170899308185774 0.595784972747265 0.272506496142744 -0.759479762263589 0.00328040682951234 -1.06364215067973 -0.0734664496903491 -0.213305814024084
GS1_SS_32312_17577 -0.0275944131716584 -1.25410713074663 -1.21447828688314 -0.4040684298748 2.5482804379551 1.49217174899313 0.212160092202447 0.323120855020215 -0.0121391640648979 -0.756765140259848 -0.373157931661279 -1.01831550975887 0.403507964797302 0.0813849074529351
GS1_SS_40378_18282 -0.273384213994402 -0.155456870419788 0.183376623794596 -0.015383546831162 2.09900389500664 2.30385421013625 0.0255865161947604 0.413141166439971 -1.01804279196556 -0.868557426870976 -1.04572526698307 -0.851947941860467 -0.23241415096848 -0.564050201678311
