V3 V4 V5 V6 V7 V8 V9 V10 V11 V12 V13 V14 V15 V16
GS1_SS_00019_02015 0.218380290501492 0.783875792158099 0.592336993209894 0.928350771936174 -2.81012174772528 -1.23184204439207 -0.653577289472245 -0.456930789218754 -0.114714801764626 0.338776106983221 1.17425010620492 0.367962971584853 0.605106246473107 0.258147393521214
GS1_SS_00051_20570 0.577210061123809 0.508234831285822 0.45699608912046 -0.530335057989014 -1.64182161880686 -1.62014368942921 -0.508657128611361 -1.62999729369178 0.207699901277449 0.435318159742807 0.490498343613197 0.421523113775209 1.50936102436289 1.32411326422658
GS1_SS_00064_19601 0.474394675489202 1.07023430472454 0.709722216351693 -0.768716993974098 -2.14186532519234 -1.70032292893488 -0.399471099960994 -0.824564828929299 -0.00305336617820112 0.866930717876326 0.0483790448144257 1.09449487594748 0.671972767528803 0.901865940437355
GS1_SS_00180_12338 0.390001242700112 1.12040548967657 0.29428808029114 -1.41399170810322 -2.44791221914463 -0.626814634754903 0.186929209908452 -0.484154712076891 0.128336741665697 0.0741114139130854 0.998489484326736 -0.489977566063748 1.04580017296995 1.22448900469165
GS1_SS_00314_13853 1.0084459837517 0.299523157303492 1.30052278738027 -0.491630523089373 -1.79399350132034 -2.13849434662583 -0.592734032037723 -0.723045221348929 0.485703396744676 1.03390908970906 0.75231709441588 0.524646970561818 0.382353143153029 -0.0475239985977323
GS1_SS_00319_12530 0.690896334452567 0.487278664881022 -0.341248200917518 -0.69606841092574 -2.01262085250382 -1.87599996453324 0.411086246589734 -0.0343766679374338 -0.693441086157074 1.48040742743643 1.30306300555154 0.453123442888376 0.30081742604886 0.527082635126298
GS1_SS_00698_15154 1.00876912480484 1.017018565651 0.786034221958466 -0.439007743696586 -2.22913640731373 -1.65580026850548 -0.705739664389156 -0.551750101927466 -0.292167696634903 0.111504942103956 0.511052860419734 0.385936340919611 1.09126353326646 0.962022293343255
GS1_SS_00815_13657 -0.105103375502777 0.3982452962599 0.286561675068078 0.0993255988001999 -1.03616801705343 -1.98709376601919 -0.233699030584433 -1.82860614119156 1.76244257325719 0.621492168295575 0.387813199435803 0.13944904812365 1.26605531995213 0.229285451158854
GS1_SS_00854_10101 1.04567023316087 0.587285816845725 0.435941111958457 -1.57275343566031 -1.98351349703362 -1.74997098722271 -0.140359375486709 0.352896143028635 0.143326084960077 -0.174703862223608 0.448076163938827 0.532792564556512 0.853341107434236 1.22197193174362
GS1_SS_00978_15392 1.03547945767192 0.695978801695868 0.642319123547678 -0.45667236160275 -1.89963614257491 -2.21265093177268 -0.546793103108043 0.356822118015642 -0.702612553115287 0.252942484677479 0.638879400589461 0.312793664150461 0.776124346622331 1.10702569520284
GS1_SS_00989_03547 0.5453606967305 1.54763273730233 0.124224057681296 0.222047135255717 -1.97565607364082 -1.41151535932392 -0.359088266266906 -1.01835777847927 0.57387861087084 0.279248765362794 0.983906527551424 -1.17234622474578 0.992196618871291 0.668468552830514
GS1_SS_01240_12907 0.95593567467974 0.786083855165207 0.35895648550366 -1.00587781892187 -2.17133606108784 -1.27311967436099 0.0077628704486107 -1.2686235967856 0.516319200642125 0.871009764922473 -0.333939025280627 0.975918241681449 0.938450928553244 0.642459154840418
GS1_SS_01358_03545 0.700722626456512 0.995842807596784 0.37662700934974 -0.990369669692001 -2.17589426643985 -1.46116684593286 -0.908487233979264 0.148579596650439 0.703942119341678 -0.446490004957856 1.328523739064 0.626137707950152 0.22048160441916 0.88155081017337
GS1_SS_01437_10136 0.852715006963053 0.837485060040285 0.309297539101742 -0.266200029724548 -2.41167829729148 -1.70526799321416 0.00729093203749521 -1.02478100304794 0.580844252320453 0.0387229501546969 0.261015366942329 0.981035410822969 0.964833339628535 0.574687465266568
GS1_SS_01574_09658 1.02094156880414 1.0757254302281 0.309608398209038 -1.00955534077224 -1.80197653730172 -1.77824345654044 -0.341732818239488 0.204128039270006 -0.0575951013474692 -0.308770206071041 -0.44787242942189 1.24706508827969 1.43429272539647 0.453984639506839
GS1_SS_01768_02735 0.611670310658644 1.02149005017488 0.361224914287608 -0.510110780252477 -2.42046004968374 -2.09635424261534 0.198100586597811 0.0545297497476768 0.576849025601709 0.622384552214624 0.983990204728954 -0.0440412725673405 0.337921438903352 0.302805512203627
GS1_SS_01811_20552 0.325552793638062 0.299930996010861 0.548494661670964 -0.25480509412522 -2.12003973270914 -1.55200931361555 -1.3908659323124 -0.273618583892362 -0.159730499156363 0.853055652333911 0.772483961682338 1.2825027635068 0.571860451959921 1.09718787500818
GS1_SS_01988_14366 0.183440023944439 -0.128221632917578 0.705802519248384 -0.206502847199822 -2.64004875786185 -1.10637101137889 -0.313560333398903 -0.642780393464414 -0.207478314044461 0.837490543274588 1.56177467541871 0.252210436491457 0.898457221064498 0.805787870823835
GS1_SS_02178_04233 1.18826413427223 0.418030061348439 -0.508190962363951 -1.0906198507562 -2.30398103263665 -1.25572544170284 -0.501594499270901 -0.0879574606125822 0.365646383844805 0.679948448866605 0.0862667704920945 1.31243285131788 0.683828721274282 1.01365187592679
GS1_SS_02283_16101 1.01094396237533 0.35518207318782 -0.506138614909844 -0.407966748390095 -2.14102743201872 -2.06248993880292 -0.52839090465432 0.533174211979225 1.21775936117694 0.479768716592482 0.131324038358389 0.607784830534234 0.467988092610112 0.842088351961366
GS1_SS_02388_08667 0.496055174420629 0.756991083085578 -0.10715020965795 -0.933855778528112 -2.25524769858204 -2.00344788919571 -0.0514422872273462 0.20191734398704 0.422743548501954 0.882222492709575 0.144649599728379 0.543741156021226 0.764344528846417 1.13847893589035
GS1_SS_02565_17727 -0.184807017848461 0.31008778572615 1.17026208717726 -0.859395767959091 -1.9964754952198 -1.18696899508705 -0.384532420719643 -0.80489842351784 -0.87500852069091 0.904845290736352 0.625288642764741 1.07658557078635 1.04948418868584 1.15553307516611
GS1_SS_02915_10406 0.00466407205068844 0.869213427628307 0.549088482331053 -0.566048744333556 -2.7348422479037 -1.24530723753382 -0.606329366589502 -0.26860814946465 0.402806222559459 1.10029699741242 0.307404748795377 0.720811135106401 0.521528056576984 0.945322603364542
GS1_SS_03238_02452 0.570345422535207 1.26267916776522 -0.112661270699794 -0.400200959346133 -2.17207435119924 -0.90572717747598 -0.843635659909161 -1.04216862380307 -0.428795035890852 0.0411018436180352 1.49478951884118 0.804587671210028 0.817912031202908 0.91384742315164
GS1_SS_03254_04826 0.984788674707489 0.544855439215257 0.0379707749044054 -0.116501146590947 -2.21128257916654 -1.94994475649334 -0.0331760437096364 0.0667558104452216 0.757538394122098 1.12754846635729 1.20912549015717 0.506980392451025 -0.342003348094912 -0.582655568304571
GS1_SS_03396_09338 0.877282403970809 0.78444760808482 1.17794735580801 -0.383474017577626 -2.27760332073531 -0.789356729203676 -1.09770301173274 -0.17085238829036 -0.762150144667411 -0.659283201484064 1.12883475411349 0.385901840004598 0.860811714378133 0.925197137331319
GS1_SS_03558_17462 0.82238172735334 1.09863448953222 0.482168966049301 -0.55398301977828 -2.51442503551667 -1.33048462617862 -1.01939407724221 -0.337063363170824 0.379016456821917 0.0869778225185298 0.577428539214432 0.925806406789768 0.561098326671838 0.821837386935254
GS1_SS_03586_07058 0.572073576422917 0.13568523197145 0.271295952557962 -0.679196110834937 -2.71387849932718 -1.2800559189721 0.00355170934869438 -0.40501905139272 1.07800588014952 0.864158205378482 0.712900093955064 -0.0849429788289141 0.336145694582024 1.18927621498973
GS1_SS_03614_12217 0.858754589692857 0.49470418763605 0.419639190308933 -0.0352012875664429 -2.39603995844339 -1.66526885798217 -0.583205438013813 -0.728588239161194 -0.0838600210116886 0.826117634333241 0.814249650566108 0.0526217923103419 0.858754589692857 1.16732216763832
GS1_SS_03711_00236 0.330516738571117 0.401714153686983 0.675070652598994 0.179027348014366 -2.47164721985771 -1.88959535905647 -0.463048610932001 -0.611939555681604 0.34020894143178 1.11160954819992 0.310768550436789 0.495258202744325 0.716905630094083 0.875150979749419
GS1_SS_03860_02041 0.461332224574583 0.57403312160984 -0.0618372027153974 -0.468153594658296 -2.2761132481502 -1.86386523004755 -0.687030599953084 1.00111020511186 -0.220804783796707 1.29413253740353 0.588862187009216 0.350114234079264 0.485058729213585 0.823161420319355
GS1_SS_03883_16834 0.621259507445059 0.961187286025826 0.289937495410639 -0.609365108682784 -2.50048230724288 -1.04266545429143 -0.90432775705888 -0.298481792195943 -0.52976176812906 0.489806423449585 1.06015360130883 0.363947087709237 1.1160910838601 0.982701702391698
GS1_SS_04114_01392 0.678028715541197 0.27059147302134 0.343221590166184 -0.83007957053955 -2.42912312524067 -0.820631750423147 -0.608351042182729 -0.262619874798125 -0.639056457561037 0.197370867119221 0.496158178300449 0.559045230950253 1.47991244792086 1.56553331772576
GS1_SS_04498_03410 1.05265231192741 1.0183045514027 0.824975727877875 -0.80310812099361 -1.7589572281671 -1.84924277011778 -0.680339411232415 -0.934610975573947 -0.302788827544749 0.298081081428749 0.895633978100146 0.669920123223448 0.694454237883959 0.875025321785317
GS1_SS_04738_02649 0.423576342720587 0.876367635131834 0.649971988926211 0.15190156727384 -2.61450716765165 -1.62493910117223 -0.444395352490326 -0.383414589722037 -0.129595857984087 0.702189049260733 -0.159209869124855 0.652162914534652 1.05273714661138 0.847155293685947
GS1_SS_04786_18595 1.41858009893733 1.0518188545214 0.384771841239926 -0.352876711591612 -2.33613814077075 -1.20743041108073 -1.29682846440711 0.10419948926174 -0.136029125830694 1.09491330074027 0.272451210137547 0.821217722094881 -0.00491198095199898 0.186262317699804
GS1_SS_04816_18132 1.80429365283446 0.274283799577676 0.328164326941669 -0.338114389486239 -2.35502022782496 -1.55469727258907 -0.594046894465203 0.1057428816647 0.535801481173639 -0.301646471575244 0.792391065754604 0.992800344364576 0.355433130424665 -0.0453854267952794
GS1_SS_04862_00738 0.982852471989271 0.671032469403605 -0.0169204113010212 -0.966996981679223 -1.97943755257456 -2.08954899098762 0.0951399021282025 0.108229845986747 0.614839906437646 0.648295594215067 1.21671747392852 -0.457366164953275 0.297498091306192 0.875664346100448
GS1_SS_04930_13359 0.157209510870463 0.549149749556074 0.479471484900855 0.247210602716789 -2.02865571658433 -1.97378408316834 -0.899577503067037 -0.606899758904841 0.642054102429701 1.55658132602946 -0.109890503641213 0.729151933248726 0.520117139283066 0.737861716330628
GS1_SS_04939_13620 0.907830632469417 1.1313029042806 -0.197643903617806 -0.903007978579266 -2.30874366285534 -1.51470388854753 -0.58990906158424 -0.316512133304604 0.184160850136189 0.332508400785314 0.712886735783067 0.933981643000512 0.57024486015891 1.05760460187478
GS1_SS_05109_00233 0.292593601000229 0.505024779447732 -0.0791078534882897 -0.0442691402228993 -2.16948375720633 -2.40687559912142 -0.0207423872098383 0.611771446617602 1.23100833179207 0.403588891739049 0.0594503826540942 0.243734429957303 0.47156686884225 0.901740005198443
GS1_SS_05216_11679 1.17877788033776 0.811528216404214 0.455666138949224 0.563848210495541 -2.08376564576959 -1.86170770943767 -0.361393190887434 -0.407797605787564 0.541073037538422 -0.964935274251097 0.586623383452661 -0.260328360890216 0.726121317815017 1.07628960203073
GS1_SS_05256_11488 0.59147106278352 0.799800019327675 0.834792285573844 -0.34324735207932 -1.7858785115053 -2.51571720749682 -0.343697252645342 -0.60239007810809 0.382267299583211 0.541107193864927 0.988508312298086 0.260044312480521 0.622339240507819 0.570600675415269
GS1_SS_05329_04273 -0.0917874134389884 0.449515082399348 0.615021241198839 -1.58482282194334 -1.71739346228335 -1.96596341292089 -0.20318817964971 0.522014651335295 1.37523100689863 1.02516165975077 0.509379012177887 0.0370961059665729 0.652928158671063 0.376808371837869
GS1_SS_05665_07634 1.09769223703741 0.804890649564349 0.491755618516766 0.367314943840714 -2.85512919384896 -0.882378498249185 -0.851308996467321 -0.56639678510117 -0.256108436154019 0.221076817652778 0.512089062091285 0.998058363522274 0.459222108797537 0.459222108797537
GS1_SS_05759_18064 0.219352538549805 0.777419115571652 0.237557185044331 -0.228858413074041 -2.56533062868182 -0.977132158642142 -0.98905934082821 0.234418452890103 -0.600484300134708 0.0900367737955865 0.30221506742144 1.07371543093083 0.974531494857209 1.45161878229996
GS1_SS_05851_17594 0.810976218987807 0.0242932161413743 0.397252752680325 -0.456558910630704 -2.17432251828971 -1.95326439168424 -0.436278348556808 0.0585673660462588 0.90021069211295 -0.0164707136271571 1.70534900644663 0.42564553958378 0.153074785310615 0.561525305478884
GS1_SS_05978_12513 0.846346467613996 1.14434079754197 0.455973895408355 0.324260401580192 -2.22895501724265 -2.09783751207435 -0.454398782521593 -0.667762722750019 0.403526893341032 -0.116175218053347 0.685429529452892 0.540306290777971 0.475343526853673 0.689601450071884
GS1_SS_06102_13609 1.56866777680337 0.549538371441212 0.892411943210322 -0.455354069003202 -2.4097729752119 -0.922405612554896 0.148925997505678 -0.581113925776647 -1.18938825188745 -0.0883567511234633 0.385417803639389 0.555865911404656 1.03873630486496 0.506827476687967
GS1_SS_06331_18849 0.488904896430862 0.440944801486772 0.525964969796749 0.388363097393525 -2.47808097715577 -1.50579905238014 -0.790757636850075 -0.162916393945629 0.667665250313378 0.97722586313432 0.456204831696255 1.05810402324458 -0.853977762003648 0.788154088838824
GS1_SS_06451_08997 1.18727018126955 0.860630166572512 0.476796374982999 -0.447200865035463 -1.93614552346962 -1.8503548581309 -0.614333790843479 -0.649285543388882 -0.660724298767378 0.761494286625551 0.336989364801388 1.18949438370425 0.649966421685221 0.695403699994245
GS1_SS_06496_10119 0.139240636837304 0.220625820197478 0.879105940111611 0.6596125668069 -1.56491577837118 -2.60777353917687 -0.342376443913161 0.0571508198549643 -0.357173749978648 0.364723395930426 1.18667851618707 -0.309258663671359 0.530664613950521 1.14369586523495
GS1_SS_06809_12303 1.01170037219014 0.875341844653569 -0.0343981590914422 -0.578468683962345 -1.57380428316639 -2.34827172848635 -0.0644705217810934 -0.64787272492407 0.303272913140578 1.57101529052875 0.872892290266685 0.143333342039603 0.178198666146258 0.291531382446111
GS1_SS_06978_08186 1.55125348046059 0.848839389549813 -0.497007456393735 -1.51351832640604 -1.69413102957313 -1.75057249931285 -0.0432180396864118 -0.0516842601473693 0.106351855123838 0.421295256271458 0.263259141000251 0.39702542428338 1.14769697182161 0.814410093008586
GS1_SS_06996_06682 0.711033718982002 1.61884905149909 0.438313600992121 -0.537564411574079 -2.32127602665419 -1.53785110939927 -0.373275183869331 -0.807468142803307 0.949487798050606 0.675828884473841 0.206900488825148 0.213002660139896 0.61621536470669 0.147803306630783
GS1_SS_07052_12361 0.802171386861847 1.19097723967467 0.855339416132034 -0.481356368206996 -2.29422221204511 -1.95226043788443 -0.471753332083306 0.115202973428103 -0.296322257531013 0.74291362736688 0.26346448236215 0.757669512142307 0.591373032927183 0.176802936855677
GS1_SS_07086_00913 1.22493108273817 0.18709429987159 -0.352430959091541 -0.953776820644198 -2.06317563438714 -1.69749740331213 -0.630061665266319 1.23242448911266 0.31747957078768 0.28937929688335 0.13089375206293 0.287131274971004 0.877986367599377 1.14962234867456
GS1_SS_07106_13531 0.604807744285572 0.502669992722703 0.131421469650708 -0.468674827212875 -2.67129764352519 -1.06758691826124 -0.418346080065954 -0.937620330040657 0.706649444394636 0.83691208406902 0.819148996840695 0.0903295278625161 0.63204447803567 1.23954206124439
GS1_SS_07385_06112 0.606537348494504 0.320068412766454 -0.410489023756657 -1.36422096831468 -2.45337832796938 -1.14453998388621 -0.383979344625438 0.150940769937053 0.413366043197254 0.559272029113262 0.894239292554238 0.707233028915411 1.08330057007921 1.02165015349498
GS1_SS_07471_07017 0.569890642526556 1.3764386506174 0.927517461433221 -0.703425574501972 -2.55951562886593 -1.14685537299277 -0.479788688513888 -0.430228887506093 -0.48788848978663 0.521017265355434 0.339938657241081 0.738064482511456 0.463494947842232 0.871340534639898
GS1_SS_07867_11892 0.359066951223036 0.194499535917593 -0.0725907248099901 -0.743302478922797 -2.33373373954102 -1.22389905366057 -0.298207342567452 -0.306502071161476 -0.429264054353036 0.438364556581908 1.29106265604761 0.322238356265568 1.20761768639172 1.5946497225889
GS1_SS_07884_09271 0.508666461704161 1.59019871335061 1.46211237296537 -1.37681333704904 -1.89539583464289 -0.814635187456595 -0.746476793476498 -0.627392505126366 -0.0558908016404181 1.09572885513651 0.24889296011964 0.825667294083293 -0.136266266239589 -0.0783959317281861
GS1_SS_07977_21880 0.411400086091899 0.0561641939160346 0.57308552538789 0.99323163041981 -2.15432360025471 -2.2428375268766 -0.537174160872723 0.194245919446188 -0.0798522066596079 0.162085859440233 0.796140620475061 1.18855236183212 -0.0205478758229395 0.659829173477346
GS1_SS_08023_08569 0.606464373439714 0.888897587086928 0.855690613868231 -0.671830154191838 -2.36854835722336 -1.68543347958159 -0.0994051872790584 -0.820470891456482 0.407080218528022 1.09604584859404 0.150121497192866 0.217800471181449 0.518877028364302 0.904710431476784
GS1_SS_08068_08908 1.17731699074568 1.68595117512615 0.862047868195804 -1.59284769939256 -1.70844637766085 -1.75678764311849 0.216797064043726 -0.188870224911951 0.0201952392216235 0.0864858267231106 0.462706979632629 0.224573702399956 0.271590837542894 0.239286261452284
GS1_SS_08382_10040 0.358790882817458 0.822691914143666 0.757463985104548 -1.54377735139554 -2.37608572593469 -1.30791315999009 0.0034291254123422 -0.207909364674401 0.535689026371546 0.903574546152172 -0.0889336221070491 0.678668646825293 1.04342322601204 0.420887871262698
GS1_SS_08397_05482 0.807400204949124 1.06971158892046 0.500249268162179 -0.591369645133905 -1.26216935525547 -1.71482464092907 -1.86279516522059 -0.78283453565657 0.724447032240241 0.260357660598652 0.769286585055853 0.259236671778262 0.719963076958679 1.10334125353217
GS1_SS_08406_10650 0.884410209860518 0.517178085495602 0.568025610407667 0.281923536902447 -1.74384185559423 -2.51446434426153 -0.258657969392682 -0.689829161417022 0.770059776058273 -0.18204769852517 1.20305469930946 0.568025610407667 0.113561732193608 0.482601768555398
GS1_SS_08427_11435 0.869398594910001 0.939676554219553 -0.202502464466773 -1.44112446731329 -1.5016716322569 -2.113630477937 -0.330083990597961 -0.319704476607627 0.266219088146722 0.358423770760855 0.628291134509536 0.954813345455457 1.03049730163497 0.861397719542452
GS1_SS_08606_20061 0.630436763904954 0.825932715697383 -0.0565918666798673 -1.0238313615005 -2.4698807826953 -1.50171035477089 -0.0804858163433864 -0.290876697796191 0.0669119250874132 0.663950355640799 0.552548694222574 0.543301425391758 0.86254941777914 1.27774558206211
GS1_SS_08771_03998 0.864294539120764 0.16573292288759 0.0948501836616911 -1.60926863662441 -2.00327889742493 -1.74516795734717 0.18186485664245 -0.354106421200832 1.00019385984352 0.588585125855886 0.555930181164231 0.911614878135019 0.755281774656105 0.593473590630086
GS1_SS_08936_21690 0.539608743035588 0.393551801814055 1.36293328002814 -0.0778846597088286 -2.35917973095903 -1.46152728437687 -0.405343282376322 -0.609095314258318 0.207472140044273 0.931519539053508 -0.45524173916375 1.45649288650457 0.462162179896768 0.0145314404662196
GS1_SS_09071_09225 0.544179499379916 0.889332790168389 0.469312049625515 -0.159007153038925 -2.30459870087847 -1.34919091437849 -1.09517635271177 -0.544104967324411 0.106583168498356 -0.0843353499302236 1.24638791857026 1.393122902845 0.185004865649634 0.70249024352522
GS1_SS_09106_14990 1.00475458015548 0.848456189259559 0.787333913490205 -1.09872488167843 -2.17564116904324 -0.507876215908009 -1.01664639707387 -1.30886908694259 0.487543703764326 0.851948890732093 0.245965185247356 1.07839236953475 0.088793618983303 0.714569299479069
GS1_SS_09159_09633 0.997341277908892 0.750338920485257 0.787083072829268 -0.169795894462705 -2.56071747406958 -1.58954911419938 -0.545402785090381 -0.424963619073898 0.33390519391979 0.667154242262008 0.202748983469637 1.11624943757771 0.600810633863098 -0.165202875419704
GS1_SS_09393_12844 1.32033173043551 0.38033634582933 1.54132800695534 -0.0682615403640895 -2.62567956253524 -1.0958942261813 -0.50386975652651 -0.133332666228262 -0.0483718754773047 0.809584780256347 0.765385524952381 -0.0670337832723126 0.0616351599458997 -0.336158137789795
GS1_SS_09568_10302 1.16117801233144 0.863882509547862 0.55457705598958 -0.589124649752027 -1.86493581401535 -1.60898604340696 -0.707255313109742 -1.13252570119751 -0.463118608837132 0.406972792124115 1.00563930557712 0.523863083516574 1.03517197141655 0.814661399815481
GS1_SS_09578_12421 0.48401522791384 0.258662877534679 0.208150058577673 -0.0101956749784187 -2.62382669456029 -1.51417412327896 -0.828177452927359 0.0538415438928828 0.0367323632784129 0.486785285727611 0.982136800660834 1.01798460766258 1.22492422080903 0.223140959687494
GS1_SS_09822_04094 0.309360657761444 0.19227259344468 1.04090914910371 -0.510255792455908 -2.37298381049352 -1.64748117445161 0.504641783962726 0.305330087561211 -0.893764547008064 0.453856599439792 1.56488327513398 0.353696929964006 0.408512684687173 0.291021563350385
GS1_SS_10129_08956 0.928621166243283 0.34113326584711 1.29634096107222 -0.191023911058694 -2.39689845477685 -1.5417648379431 -0.803857330199116 -0.679227466851052 0.0611479589790333 0.146291132949493 0.754632941173213 0.569168897002777 0.82003277045487 0.695402907106806
GS1_SS_10342_08054 0.75679929617655 0.73620845261206 0.689879054591956 -0.102010470825748 -2.30094097315031 -1.83936289657965 -0.646809873469563 -0.56049992086174 -0.00815054224427761 0.749935681655053 1.31446797604817 0.055509482442606 0.696742669113453 0.458232064491436
GS1_SS_10495_17452 1.00960210776843 1.39108777948191 0.039342849564664 -1.80523104888146 -1.74046268356508 -1.5396807510843 -0.0402930940100915 -0.198975589035223 0.270271217681952 -0.140684060250481 0.347021730581863 0.439316651157705 0.986285496254538 0.982399394335555
GS1_SS_10661_07759 0.4611510090673 1.17318990099612 0.561101810046128 -0.609118629732544 -2.77177091639834 -1.44056777061837 -0.578160417039986 0.383755477335906 0.651322887035867 0.339529459203681 0.194025859548661 0.53987332134266 0.456286147072755 0.639381862140166
GS1_SS_10877_15975 1.13200900290612 1.32965686573891 0.805058799902339 0.0273975825882705 -2.33514088996445 -1.81239000041603 -0.659197843719662 -0.405026386469268 -0.138386489273814 0.185515872854504 0.410132509494387 0.343818880749553 0.525581027504195 0.590971068104951
GS1_SS_10920_08940 0.625174235238258 0.395432317636953 0.827786366881022 -0.577794924685354 -2.0936178861785 -1.94784911559173 -0.99313902876494 -0.164819293983101 0.363281368118465 0.951162298263916 1.1296590646102 0.271195123207756 0.361627743069563 0.851901732177504
GS1_SS_11044_09477 0.581920906924288 1.18742183746017 0.484215074951452 -0.650487552701782 -2.47310651532495 -0.503699448329446 -0.430305396143278 -1.36302147600916 0.586508035185923 0.173054874537177 -0.350795172941596 0.831154875806483 0.702715284480689 1.22442467210403
GS1_SS_11123_09145 0.550526896808402 0.375610270395789 0.405364129527831 -1.18736896613135 -2.6908404843944 -1.1828608056568 -0.285736871220972 0.0997108493532136 0.158316935522388 0.518293549415356 0.478396329215572 0.568559538706609 1.06445719090732 1.12757143755104
GS1_SS_11168_17305 1.29694655305643 0.59910370182637 0.030111697871214 -1.78023079776007 -1.64209125724354 -2.00173040582968 0.389512674835773 0.245657015401317 0.393799764024217 0.630066012631799 0.749151823421911 0.28043007215203 -0.0160935967153495 0.825366742327583
GS1_SS_11171_12095 0.793090390699525 0.999204559506059 0.783308701332435 -0.655997019825058 -1.9981845394093 -1.31311693766419 -0.917307864345884 -1.01232998962618 -0.14804786483404 -0.268921597727363 1.12496913708293 1.13195605805942 0.681299655075642 0.800077311676018
GS1_SS_11293_17258 1.02312963257049 1.58831103940171 0.322251548142125 -0.32093172511207 -1.8889400472207 -1.77355042487236 -1.47242526336704 0.271199231675504 0.451115945468652 -0.0604206741043672 0.597250829034816 0.760466413277545 0.254498102125086 0.248045392980606
GS1_SS_11370_11622 0.786933006228653 0.627891218961592 0.260871709883756 -0.638685910405057 -2.07797810286716 -2.13554979056564 -0.667471754254299 -0.192505330741806 0.32803867886532 0.821955782911898 0.273825339615915 0.818357552430743 0.973561227184573 0.820756372751513
GS1_SS_11459_10299 0.62990342352691 0.644138720632402 1.10204077752575 -0.817351782198163 -1.98583241960734 -1.94194025353207 -0.918185136695402 -0.319590893409441 0.452555347087649 0.574148509863731 0.456707308743418 0.206403334638507 0.851736803420835 1.06526626000322
GS1_SS_11526_02969 1.47345441712869 0.846856533555924 1.06046944841028 -0.739812728445576 -1.87314791558951 -1.84703967044064 -1.07993195843034 0.0161396424556622 0.13101592111067 -0.130541225744327 0.732929645633603 0.737676599297033 0.412747621035245 0.259183670023282
GS1_SS_11544_12232 0.4600884845107 0.911404615250063 -0.132076067620205 -0.645442798637244 -2.0322415086494 -1.68226753476492 -0.444905564521847 -0.412269954687221 -0.654245824974215 0.761753167521549 0.756814884454467 0.54983641155592 1.16690708698167 1.39664460358068
GS1_SS_11566_15742 0.198117667369977 0.543516533892657 0.681473698353376 0.229486900364713 -2.12792782436869 -2.19201550468052 -0.940281917116394 -0.306825792771089 0.25579657965062 0.768835325725812 0.980661974335424 0.670342680193954 0.587365999369169 0.651453679680995
GS1_SS_11817_10641 0.465793561891301 0.789220166409187 0.775466476914738 -1.06838752093474 -2.83057898741093 -1.08343061881929 0.0168645407365743 -0.0901563556421016 0.503603313917133 0.124315239911952 0.779764504881754 0.440220295487561 1.06773237867176 0.10957300398509
GS1_SS_11821_07724 0.855634527151525 0.608598689189839 0.0423856983677763 -1.12022403817461 -2.87345065247809 -0.978938376948692 0.255598605308712 0.279788423064059 0.515264525107261 0.588262116740653 1.06542232715365 0.688018356333501 0.209145592451098 -0.135505793266679
GS1_SS_11917_11829 0.711795618364988 0.813020774939834 0.537463404263863 -0.172687305306784 -2.45149052459897 -1.63325384228563 -0.623814086442017 -0.694952877034895 -0.036989359298392 0.295366571455688 0.742725527318413 0.928304981038965 0.470626682825416 1.11388443475952
GS1_SS_12320_13147 0.547573395879739 0.0279988154777784 0.29710834739371 -0.728562873581367 -2.98342220694708 -0.728113608920406 -0.359716586931986 0.063490723693736 1.27785310227264 0.913948726893833 0.900470787064988 0.363374884885529 0.307890699256785 0.100105793562097
GS1_SS_12398_11420 0.831614675304849 1.07941287017975 -0.311560997051362 -2.1116772171537 -1.86663233555519 -1.15627751024714 0.140533042931513 0.151546296037065 0.640534733923536 0.415368774180543 0.253418887263413 -0.0643134648317382 0.804356873868609 1.19367537114984
GS1_SS_12723_13010 0.12466413530484 1.46455818799072 -0.207446356386532 -0.679844900602709 -2.05982125400996 -1.17457501236365 -1.1877449111721 -0.734242308724572 0.571295486200135 0.338245537720154 0.843282526809449 1.12385863185906 1.01506381561533 0.562706421759841
GS1_SS_12875_10385 0.761808619078265 1.89100287225678 0.402611522413055 -1.31748725034992 -1.82913231667961 -1.22068953509836 -0.87329703785407 -0.57851932660018 0.0774791269339357 0.816447050683677 0.76787955592331 -0.0122695560919913 0.302441064469799 0.811725210915308
GS1_SS_12949_05759 0.279728566345677 0.765881075639451 1.02956246975309 -0.340035394177843 -2.40441280450346 -0.893154606738574 -0.0421945422919686 -1.17132398953978 -0.910218237859481 0.579823105360728 0.493184933009102 1.29227799795423 1.01861598941138 0.302265437637441
GS1_SS_13052_18954 1.08096520083847 1.16624357597965 0.133015726443036 -0.881673345888974 -2.16455672844759 -1.85248731217009 -0.720385984208917 -0.00169938791042205 0.721312923069147 0.10706143835659 0.786198643285262 0.608226382121061 0.472584328907372 0.545194539625406
GS1_SS_13063_10454 0.487113822300237 0.0133021870808252 1.36473884991956 -0.639916709146558 -2.07929234090559 -1.59401040539223 -0.0214028240649791 -0.0566960557386783 -0.497920273712708 -0.700797533783689 0.548288757201316 0.676520832282423 1.24709474434056 1.25297694961951
GS1_SS_13134_10624 0.985566786253971 0.710004626771383 0.743609768171699 -0.288404124231995 -2.34201431520528 -2.11618776499516 -0.118026057332394 0.831655238640526 0.25297470372709 -0.0481273632197377 0.972124729693845 -0.0921500984541512 0.0671382717833449 0.441835598396864
GS1_SS_13401_09072 0.98786055145977 0.907928084992314 0.312558490807322 -1.00688724229497 -2.04040894247928 -1.94876662423634 -0.307860003697407 -0.439213993178959 -0.139849086918676 0.543904431971731 0.580561359268909 0.87687152158776 0.932366036523765 0.74093541619406
GS1_SS_13466_05850 1.22027669013142 0.473753051474071 1.20545471422193 -0.899265864925579 -2.40122609042052 -1.37603942334749 -0.31873847513724 -0.385190333798118 -0.0403323609706625 1.18816240899419 -0.0168642324473042 0.206947603785987 0.624359148690394 0.518703163748916
GS1_SS_13670_18408 0.972230898130849 1.11440051101192 0.264829369795344 0.00698539007013049 -2.37952542979256 -1.26586346222418 -0.804889262882525 -0.766115732096778 -0.430509282295707 0.175434840483762 0.459558657741536 0.388043034292271 0.909762431864924 1.35565803590101
GS1_SS_13715_08596 0.556401203712075 0.49293754625819 0.280662554084852 -1.07833507622075 -2.24548279951058 -1.96244947661279 0.653420358210542 0.0885208601382632 -0.316771186774131 0.806608496892332 0.897791912774351 0.932806344473046 0.287227760028357 0.606661502546243
GS1_SS_14114_16033 0.703879023596514 0.283490409570783 0.193748658195211 -0.456143451151654 -2.00308528019122 -2.1759484898081 -0.52087520624223 0.00507030386870183 0.141889695310147 1.46153479340667 0.83996282691193 1.07167308661115 0.074951175841483 0.379852454080618
GS1_SS_14235_14212 0.52644340731727 0.902668709188017 -0.154767326872783 -0.861913313111517 -2.23254213973488 -1.63832940292331 -0.269342047948604 -0.540184869975974 0.894461350944763 0.695843281458025 0.0106930153112104 0.88789546435016 1.36556371410752 0.413510157890099
GS1_SS_14268_12617 1.03657418316495 0.641996549765343 0.658523361635484 -1.74199606250247 -2.14070539886962 -0.833021409644725 -0.180212340774163 -0.836120186870376 0.201970183722844 0.398226074680766 1.48073225217499 0.623403886411434 0.440111213514154 0.250517693591382
GS1_SS_14296_04512 0.138036353347754 0.0760994875283772 0.863957416298579 -0.17532219660282 -2.34180027854753 -1.14636627936423 -1.36419508711881 -0.240933283275888 0.534720983373124 0.274769857974428 1.23400394513468 0.361376492382877 0.232647540330318 1.55300504853914
GS1_SS_14357_13142 0.924976878567851 0.804140905255666 0.609611607729608 0.332754949654389 -2.10504291515435 -2.09896260787598 -0.651849475623367 -0.451199335437081 -0.237780549966213 0.484154600885859 -0.142319725695768 0.582250224976932 0.969565798609249 0.979699644073202
GS1_SS_14623_21071 0.0698863686536507 0.397019505053197 0.0316111936452943 0.100386898738435 -2.14528938495498 -1.67283019344558 -0.602819767105196 -0.604115541259125 -0.0610864958280688 0.647103916761442 -0.117103809251757 1.43104727988832 1.36924882023942 1.15694120886494
GS1_SS_15006_15455 0.581658574427338 1.49107868334887 0.335192544908023 0.630424580268058 -2.25204176496586 -1.60841835454554 -0.358075538124917 -0.934920273880462 0.734810192770356 0.575068573638051 -0.721404248307579 0.287305205839208 0.505653898657567 0.73366792596688
GS1_SS_15037_01436 0.500838477805992 0.396788884796015 0.434911738433279 -0.356209134039271 -1.56295510255718 -2.14483023702069 -0.207157375457486 -1.43597446976539 0.859135974396821 0.780023887149566 0.358666031158751 1.278774002404 1.00417480101679 0.0938125216788102
GS1_SS_15047_02408 1.2825899065222 0.731532966873063 -0.190690423862055 -1.88257185427241 -1.44810216797053 -1.79604225217874 -0.501286153482475 0.295241604737634 0.686446489992679 0.278391103277289 0.654111743947152 1.141410029422 0.470122484758516 0.278846522235677
GS1_SS_15178_05198 0.430689819801533 0.279629652225123 1.01520455148401 0.143593309995424 -1.55566632527509 -2.2571604604205 -0.47800312801354 -1.02581843900176 0.671147482475358 -0.615625955617001 1.06681311183531 1.05725597102951 0.644960916667477 0.622979492814146
GS1_SS_15501_18829 0.883803712634056 0.707150816807993 -0.104072066222314 -0.196820228866035 -2.0474696137105 -1.08116317500383 -1.39176167315955 -1.1195566004703 -0.140739944476808 0.799683286050217 1.00459201747239 1.05635843383168 0.765172341810693 0.864822693302318
GS1_SS_15572_06391 0.389614830644112 0.850078848504709 0.850468741830586 -0.41278563401051 -1.64991715701785 -2.67806585735519 0.278885126095078 -0.306344756046121 0.807580475984129 0.629789119384271 0.413788216848479 0.96743673959365 -0.0618816407213165 -0.0786470537340224
GS1_SS_15685_12910 0.209051464858138 0.661007778822431 0.644155219710389 -0.833528257986331 -2.15117774411521 -1.63950443774184 -0.188674736407974 -0.689824265558065 0.070427916606628 1.35795762654473 1.39787540221925 0.855356541915568 0.17439557779526 0.132481913337016
GS1_SS_15829_14224 1.1267684884961 0.935522200259043 0.767225466610433 -0.574048501558792 -2.54006034463574 -0.747445136227057 -0.765294789795849 -0.911151958957978 -0.412126644184751 0.540279871235792 0.157787294761678 0.672877297746818 1.01712061657352 0.73254613967678
GS1_SS_15842_15267 -0.472574952808082 1.0965620915718 0.298639211557352 -0.636165836158325 -1.68852261862425 -1.70117587266297 -0.849501702404867 -0.167094017572423 0.336699131357204 -0.182117670124996 0.265253316996078 0.525329435628404 1.75092562497278 1.42374385827229
GS1_SS_16017_06798 0.892934406667309 0.854000051494183 0.442074573762515 -0.200731630145788 -2.40480547649643 -1.06585300209264 -0.50831303601348 -1.17525854012912 0.826746002872995 -0.570997347842212 0.994163730117435 0.0978948740320852 0.81272963501067 1.00541575876247
GS1_SS_16482_04175 0.643411237566565 1.13835178816634 1.6481566247825 0.326440381703561 -2.42023863164924 -1.36728474924501 -0.844222576452072 -0.56421156690009 0.329252543922878 0.323226482024342 0.599621854437202 -0.1331472724248 -0.023472945871441 0.344116829939267
GS1_SS_16511_04168 0.953685407293044 0.595386241464475 0.641683324689515 -0.662284088927042 -1.88452708606809 -2.5930737510774 0.363900825339276 0.526947074957894 -0.185625423375327 0.498564950024283 0.611489574760141 0.104717675945531 0.478637075070896 0.550498199902806
GS1_SS_16770_08388 0.315244729796902 0.945235825099401 -0.234714923431338 0.383305657030994 -1.97898994299852 -1.71016638115934 -1.19577625774188 -0.708678908160005 0.529345938081031 -0.0809451099416513 1.09914244447298 0.50779901136873 1.14360435673645 0.98559356084625
GS1_SS_16824_16649 0.523915683747249 0.486322085754943 0.406014866163171 0.0276240804010627 -2.58253589960577 -1.30603686329986 -0.695140895924891 -0.277823903286422 -0.396355956657685 1.10738796303455 0.664821538908709 1.43633194546722 -0.0947655250029926 0.700240880300713
GS1_SS_16891_15560 0.977985114225991 0.237230482129021 -0.00739952274209276 -0.364359631890759 -2.29394120092516 -1.46020220473177 -0.0822862589271276 -0.832401733047227 -0.383705372071893 1.73870954263897 0.615408499863447 0.436928445289114 0.622273117347075 0.795760722842406
GS1_SS_17261_19981 0.510114622213922 1.04964731451258 1.32800494557113 -0.349013868707511 -2.3633397458833 -1.49284432415891 -0.621291513522612 -0.775405947432518 0.446671287499724 -0.243274977517181 0.433453926100932 0.902141561302071 0.603164846461412 0.571971873560265
GS1_SS_17348_00865 0.861028056547957 1.17964394823203 -0.0160812084903763 -1.48739080026136 -1.45488831705796 -1.8124156322954 0.0497477645328557 -0.13693551223261 -0.293496769353231 0.0255769037844089 -0.171726902703859 1.68595023587942 0.925117460047627 0.645870773370496
GS1_SS_17362_08695 0.460244206747334 0.173900043655036 0.359041826246505 -0.694146291087687 -2.41230889251656 -1.31567859577124 -0.222953214029164 -0.617675038940758 0.322758657674664 -0.0862811889155037 1.75618787345007 1.1411637604386 0.674363712758735 0.461383140289948
GS1_SS_17853_05952 1.37720731093315 0.553317354586637 -0.214133291217993 0.143335354525846 -2.48085643792892 -1.28535848973524 0.0565510590273416 -0.632409980746498 -0.354346013537005 -0.385045220107904 0.612678993446328 0.474827748555847 1.49646192107395 0.637769691124467
GS1_SS_17860_20357 1.71945430545244 1.12418013491803 0.753689691756399 -0.451502540346471 -2.24537919201842 -0.971726769331337 -0.314948256453892 -0.184617626250787 -0.764881808475285 -0.073690151667807 0.154022353911775 1.43755940304685 0.218089377185774 -0.400248921727272
GS1_SS_19062_20684 0.154612732563538 1.12838624524657 -0.109711719107432 -0.42183682992105 -1.7462499972492 -2.30189460193284 -1.07617812466038 0.575278830538646 0.400212722213661 0.730301138055408 0.966006086800206 0.478104454468401 0.421017680014602 0.801951382969866
GS1_SS_19293_09585 0.710095485577934 0.801453730276295 0.344662506784493 -0.704843182311304 -2.11978185020054 -0.925439919509784 -0.640223936061244 -1.44016563963957 0.194255640512803 1.07775671424207 0.492841123185492 -0.0686778442288196 1.56462931098821 0.713437860383972
GS1_SS_19690_19234 0.333049292864758 0.0607340741975961 0.50460788062507 -0.222473753216252 -2.41461126348691 -1.80734832585913 -0.462383460862022 -0.344743286397808 0.123366574491043 0.68406360972673 1.28070625382648 0.348026629891452 1.14533835862703 0.771667415571956
GS1_SS_19920_13306 0.879239731133788 0.822228384977466 0.443673046499488 -0.800040872169909 -2.14988711284392 -2.0009734766836 0.400344423420683 0.945372892675122 -0.504311617387835 0.959055615752639 -0.340178232257631 0.61972408343021 0.142881184178733 0.582871949274764
GS1_SS_20025_13472 0.575014050949972 0.775609313211498 0.386562448063023 -0.169272331335038 -1.76856228662265 -2.46195024473891 0.146687694984966 -0.228116606699499 -0.569188521232362 0.449904375047698 0.350581235101315 0.104334808894621 1.02148093511651 1.38691512925886
GS1_SS_20275_00516 0.947902060481746 0.661171500880766 0.791503573426666 -0.654313551349184 -2.09100743104682 -2.21265069875633 -0.238119799685944 -0.544182950047899 0.580800056144128 0.702443323853634 0.470017794480113 0.771953762544781 0.476099957865588 0.338382401208754
GS1_SS_20328_08610 1.6486598965254 1.19822803262739 0.75960303278962 0.27906366553801 -2.20569087593868 -1.16019306340477 -0.863250432289836 -0.360868366526789 0.283196067959092 -0.957705344771725 0.671051552337849 0.686990818819168 -0.293569241383443 0.314484257718718
GS1_SS_20365_15854 0.742355422581461 0.953482381941993 -0.410297238879727 0.388969107270857 -2.23352933792889 -1.5448533038243 -1.15879257813647 -0.108184613699538 0.0411123075625525 -0.186100515368305 0.976103127587765 0.731547732995149 0.497046003133987 1.31114150476347
GS1_SS_20444_13061 0.481660999992106 0.951323004505246 0.582960648024352 0.4622902209013 -1.78916590621037 -2.33853390337585 -0.153764064937437 -0.938121841237273 -0.19345828438581 1.38002057454767 0.138385390202583 0.694104462479794 0.488012075103845 0.23428662438985
GS1_SS_20499_17914 1.63825302672362 0.206537632653668 0.735088202945659 -0.026699210991813 -2.46312716230384 -1.66473950520969 -0.0148579558528885 0.366394577029148 -0.632217939686813 0.111161704898332 0.73042346607275 -0.12232631688646 0.845247758328987 0.290861722279342
GS1_SS_20635_11380 0.0618932103840911 0.0199451642106891 0.0889375008392628 -0.932278423522326 -2.94061094949768 -0.647725454385303 -0.1744503714198 -0.0765617983592331 0.540459567569085 0.489898502805068 1.00432794081105 0.425227373455745 1.03666350548571 1.10427423162364
GS1_SS_20692_12177 1.3589410765674 0.69778081695861 0.265927726753819 -0.921274723535779 -2.50569805995542 -1.45099002676997 0.0339969055259725 -0.15752967761467 0.467948917189839 0.755501157083187 1.08608128688758 0.503630581994123 0.16203111452958 -0.296347095614278
GS1_SS_20774_01428 0.337860824127159 0.826268794946779 0.222080187992808 0.0274622543343301 -2.43422038354932 -1.17740161613229 -0.486976397436875 -0.616597477430965 0.823048230125571 -0.994281897372677 0.373792745686096 1.37456330169796 0.717142218360379 1.00725921465105
GS1_SS_20838_09212 -0.0606776844494704 0.824465569166815 -0.0932871976535118 -0.477181227348993 -2.15920725572991 -1.43586186223858 -0.41293853367157 -1.27855513267466 0.69598018181197 0.951974623791001 1.039258769912 0.748311616175341 0.558317266788921 1.09940086612065
GS1_SS_21432_10209 1.08273285380336 1.11365193507197 0.588542871526625 0.0505250915516279 -2.17665362993004 -2.0426709444327 -0.559482615977133 -0.393653276773116 -0.0612731531354806 0.378396182504256 -0.0894610488920366 0.503773057048499 0.517686643619377 1.08788603401479
GS1_SS_21621_05656 0.885698723145384 0.748835785794 0.83305913185639 -0.166566706721602 -2.24635695854975 -2.10598471511243 -0.170602408720425 0.0873315885956449 -0.316063145982344 0.624255419743382 1.2822503108558 -0.167444033243085 0.350529545040614 0.361057463298413
GS1_SS_21678_12812 0.252773386164201 0.59648675601663 -0.428972140815824 -0.395831733254295 -2.89935280733094 -1.07331635069069 0.580674047265843 -0.130708472762063 0.683125250070341 1.17720138337336 1.11442398276395 -0.0289200781087955 0.0771292260880972 0.475287551220181
GS1_SS_21714_03585 0.694835299033842 0.828668211233239 0.221197358542802 -0.479303689213069 -2.06016416185132 -1.7304782074089 -0.860237856375745 -0.196948886646047 -0.531531167144542 0.139918346011949 0.574059256317312 1.23669538257287 0.952708471320486 1.21058164360713
GS1_SS_21728_18197 0.487229271434053 1.20689617619791 0.499994005524666 -0.430511093356552 -2.12734040091904 -1.20960003612843 -0.787043321404701 -1.06874779788719 0.128056063918881 0.539168534285512 -0.434032399312584 1.43490073685092 0.793142726364255 0.967887534432299
GS1_SS_21914_02660 1.12235110639383 0.687597364875321 0.323395765620783 -0.487000463086958 -1.821770722135 -1.98003633856498 -0.891245170112937 -0.283734020780499 -0.410727876855641 0.937390084782884 0.821074390780125 1.00794222704685 -0.0598739801915837 1.03463763222781
GS1_SS_21944_15953 0.615147542502928 0.783414971613208 -0.428902364706027 0.0568956012194143 -2.11078480908359 -1.326856551111 -1.10118023442192 -0.956668207068384 0.230903919087573 0.478553982401643 1.36146308102734 0.274910800841944 1.13776638115132 0.985335886545542
GS1_SS_22249_11464 1.32614929771286 1.23770396639948 1.45351057480413 -0.769651273089058 -1.98878171991273 -1.43440638324044 -0.984042756192698 -0.433205232772949 0.639813526721012 -0.245701130388578 0.252069194243141 0.300183454477621 0.282494388214945 0.363864093023257
GS1_SS_22356_16195 1.02693574604025 1.18645767587786 1.05393176493585 -0.273536109666681 -2.26167019215052 -1.73156654838245 -0.572455664347006 -0.618594314823115 -0.0445632399448448 -0.0664030192313819 0.263684666355676 0.466154808072645 0.780290300675942 0.791334126587777
GS1_SS_22455_08532 0.230976952666638 -0.38726493158533 0.216028098815986 -0.0933597871287597 -2.65361795287169 -1.27004814023009 -0.499915223102743 0.150626863219383 1.00885124053807 0.950123600410506 0.117258885874177 0.0612006839342321 1.59612764181368 0.573012067645932
GS1_SS_22671_02949 0.405732712455277 0.697806462363882 0.853451026459916 -0.870552713132196 -2.26328333111744 -2.03077725388756 0.113851116329506 0.0944435842632104 0.484515763417467 0.307734283209626 1.42606929930705 0.219343543105706 0.392281947656854 0.169383559568708
GS1_SS_22691_12165 0.262657407061944 0.696385016388072 0.114448977744473 -0.017086003274782 -2.12120979243782 -1.90162156811818 -0.267841588465591 -1.16254100368356 0.249144285565351 0.407596532791529 0.657153373333447 1.02113583945135 0.849933308232422 1.21184521541133
GS1_SS_22717_08258 0.356640840906804 -0.344339375185674 1.18334678103617 -0.0596773584983734 -2.69042882938351 -0.381345437355023 -0.721516547296348 -1.23651757915312 0.433974022106854 0.784819957673952 0.198890639992591 0.761809777991729 0.74923720558804 0.96510590157591
GS1_SS_22743_14100 0.99435273621123 0.669179562408848 -0.133502011006238 -0.288297563478369 -2.16634691532567 -1.49334505971008 0.412382967082565 -1.43183689316487 1.23044158213396 0.605621123645456 0.234009284101435 1.12075201846165 0.343698847773739 -0.0971096791336515
GS1_SS_22987_07206 0.756851208664201 -0.184876853463013 0.963861701600274 -0.565301054416025 -2.89467814214258 -0.626386117905357 0.0737165819751627 -0.194718335914072 0.383553598451612 1.01476592117472 1.3066167800682 0.0217603418628469 0.443281216085626 -0.498446846041588
GS1_SS_23087_08996 1.12640401218404 0.207418148710669 0.918065238140123 -0.190191104803648 -1.96689710751883 -1.64026428380591 -0.301952497998392 -0.847517592740507 -0.169004110833081 1.52895689762482 -0.110916435697108 1.06990536159586 0.838614010750494 -0.46262053560853
GS1_SS_23119_08244 1.05195102752102 0.395210412004452 0.778736002865139 0.220352796224691 -2.40080384656763 -1.72459666054433 -1.00057684520626 0.284216808238002 0.231622915991746 1.3046749253277 0.519181729442056 0.415701538853643 0.137022213704648 -0.212693017854874
GS1_SS_23189_14152 1.01992211415391 0.285853015861964 0.129926614293743 -0.0639688785654413 -2.36995835630326 -2.16745653608479 -0.258876880525718 1.11307295145441 0.354197380185697 0.776919929891751 0.23219003350407 0.491898617934256 -0.00372458705044683 0.460004581249847
GS1_SS_23190_12453 0.640027119767548 0.13844476121887 0.784069898380935 -0.653925645712555 -2.15407848639343 -1.87274915705659 -0.450157812552154 -0.246930477622948 0.206277289233805 0.585977296648079 1.34267482032065 -0.222608057219187 1.13728549246667 0.765692958520315
GS1_SS_23253_03427 0.484197661210118 0.178889595111861 -0.240618936535636 -1.17195771145752 -2.32722221781195 -1.66422967471041 0.293255808796876 0.0462910864915537 0.0670096034634767 0.645304849183792 1.31260684381549 0.828622287351367 0.777240365260998 0.770610439829982
GS1_SS_23502_12435 1.30175618997608 0.351465661229105 1.35565326474083 -0.859800176905098 -1.40444430084366 -2.05120919802071 -1.43706621451707 0.362812413811158 0.289058522027811 0.15715252326144 0.130203985879063 0.573862011837352 0.706051679418275 0.52450363810542
GS1_SS_23512_21384 -0.270221532151137 0.153050626941222 0.120381970366979 -1.40439206582647 -2.53004034126504 -0.818131717956095 0.038355234838175 -0.192171850466153 0.546494882204925 0.461272299837336 1.48962479373958 0.572061656915201 0.731143810668034 1.10257223215344
GS1_SS_23992_09319 0.929093534889882 1.20077671415249 -0.193545418554997 -0.224458558681905 -2.2172913925163 -1.56745459887465 -0.741390878143737 -0.124229493899888 0.475676337066471 0.824091657499198 0.536988622116277 -0.800133187173491 1.06530226395262 0.83657439816802
GS1_SS_23993_09667 0.935427841649818 1.4399900968712 0.4155758211187 -1.44722725245114 -2.26268140230388 -1.14632467115548 -0.690383869619072 -0.197288938379996 0.459151652251455 0.249936696929863 0.367158230971194 0.255033285366443 0.657663771856231 0.963968736894664
GS1_SS_24069_19928 0.594047518945324 0.660364696193207 0.496618579531767 -0.0617556782837431 -2.42624960287494 -0.933294384214257 -0.338486615441577 -1.34552523290943 -0.241467041319673 1.31534916283897 -0.130529047281548 1.31493979754731 0.815104776438268 0.28088307083032
GS1_SS_24082_13305 -0.950115376273951 -0.184963385347755 -0.365104761389042 -0.559310331240861 -1.33792803964523 -1.42746009896674 1.20140703857132 0.117207314862364 -0.407297342820639 1.95907807534298 0.596945942884608 -0.744239517941052 0.727413783339759 1.37436669862425
GS1_SS_24137_06499 0.370597078844454 0.190889783068202 -0.216299754191692 -1.04942130741207 -2.14934755742909 -1.62308815548309 -0.0384299563272617 -0.0108674876499223 0.210734760515886 1.55357823447586 0.0703499200526375 1.49992329545064 0.592934326174991 0.598446819910459
GS1_SS_24374_03402 0.638462747628588 0.316473478858274 0.924695002416203 -0.311299909488223 -2.28815196824601 -2.00280042808851 -0.561035350003842 -0.261979890201742 0.220123298323613 0.104256481585586 1.05680219693356 0.642866320779167 0.475354398131153 1.04623362137217
GS1_SS_24416_03486 0.289721206917089 0.528521337496908 1.20592501066461 -0.524097953688876 -2.01312996057649 -1.8860620011854 -0.275073964307474 -0.91917706880717 -0.155308761203223 0.999987283375597 0.656757737893899 0.156226821993569 0.858313811410811 1.07739650001615
GS1_SS_24575_18337 0.269916491648676 0.268113614318962 -0.0507381191362492 -0.164834498716749 -2.32365132409767 -1.81111905465028 0.0406935168706974 -0.62868908026185 -0.238237361426551 1.38512489702918 0.568679020572784 0.893196939921383 1.05030482151078 0.74124013641688
GS1_SS_24625_12163 0.100224660384751 0.261339823838458 0.0565893036160393 0.104252539471094 -1.49414414462589 -2.18224015520943 -0.508992051424577 -1.05745492034824 -0.106808324653262 0.548326208740373 0.664127732472725 1.34215404534041 1.58281982074938 0.689805461648159
GS1_SS_24763_13507 0.479938961169585 0.951690904486891 0.509891465507192 -0.74511846623853 -2.19082600893368 -1.08458018206474 -0.416140126930483 -1.33717963531189 -0.30461696911346 1.04404445952785 0.459970624944514 1.24622386380669 0.375105195987962 1.0115959131621
GS1_SS_25132_06640 0.859602702072769 0.763890844025197 0.976422118168855 -0.353354038887524 -2.12566106813344 -1.69987067301686 -0.157199318402196 0.19631588656895 -1.26061511155899 1.11726047963049 0.0440503298879455 1.04920680109477 0.378132024517873 0.211819024032169
GS1_SS_25158_10218 0.483574361937541 0.993281538428222 0.674386133549066 0.560424541898121 -1.98548398397544 -2.2416512505107 -0.198881509678203 -0.528943180021717 -0.457347713220836 0.960439581180112 -0.307259968596969 0.445149271957252 0.710840706094469 0.891471470959079
GS1_SS_25199_16441 0.233632493459098 -0.172389531630857 1.53948711469436 -0.614990117539728 -2.01960685298606 -1.50750700152125 -0.309193349093599 -1.00382021904479 0.539795047513415 -0.177510530145506 0.866441595626325 1.33464717410844 0.756340127561391 0.534674048998767
GS1_SS_25232_11772 0.640471539131437 1.09619153047396 0.837259717211165 0.180297920600791 -2.08090181826058 -1.83232727752829 -1.07754104186723 -0.70338457170249 0.111214912822276 0.690963242717683 0.397075634664406 -0.067965901955581 0.795830627089117 1.01281548660334
GS1_SS_25245_07181 0.353689531311488 0.435397736889346 1.11861451586287 -0.76475962270676 -1.80381563697186 -2.12928665585699 -0.229570876171789 -0.910472589320607 0.752289394188806 0.742756770204722 1.26568928590301 0.437712802714052 0.388006977654188 0.343748366299515
GS1_SS_25370_19926 0.707370902998832 0.772781049724387 1.79170078004383 -0.0358297911477361 -2.54754728283078 -1.62184102941753 -0.21753178595833 0.136679426285212 -0.0294977032337635 0.51178331438704 0.415998431221363 0.0624300705426912 0.204821692161465 -0.151318074776688
GS1_SS_25690_13989 0.405554897322803 1.2364051952885 0.285820831826494 -0.452365711102926 -2.23900620146524 -1.35817994572718 -0.958372283548197 -0.74314249207518 -0.114611529824641 1.20308789010692 0.636693702020026 0.272910376068631 0.705410643957039 1.11979462715296
GS1_SS_25857_08346 1.23851174514233 1.12254428693849 0.166972431338851 -1.03734962210803 -2.30139491652989 -1.43163898000109 -0.10091239711202 -0.683648874586317 0.096232281834508 -0.0551052511215033 0.873214251800237 0.600980643666722 0.754347607141301 0.757246793596397
GS1_SS_25981_10584 0.985310153980428 0.721626351937211 0.726882507459667 -0.568759828825777 -1.77942765083151 -1.94061642018684 -0.744841038828059 -0.987500218781452 -0.146602937780506 0.203544622607115 0.980930024378381 0.811857021739375 0.882815121292533 0.854782291839434
GS1_SS_26188_15792 0.255986311570846 0.953457497479798 0.891915922252537 -0.127809330300978 -2.59544000729222 -1.26017431448257 -0.495772003273425 -0.685786279028139 -0.175737163129481 0.669788133606507 1.31711226018634 0.936673431508727 0.283586775612163 0.0321987652898991
GS1_SS_26273_06159 0.93616016919142 0.792295470877772 0.93309921816347 -0.292811668530489 -2.30079554286566 -1.64728249839835 -0.681552449080133 -0.859087608701231 -0.0236010256222899 0.505943502213053 0.268872845098329 0.508683053383068 0.851984015922796 1.00809251834824
GS1_SS_30709_19863 0.449157872794399 0.916563551315369 -0.0274126229524729 -0.461595839029551 -2.30257849928249 -1.46514332526575 0.196667158220816 -0.863931315246621 -0.107146532817815 1.83991888682493 0.65994866899013 0.717228776652014 0.0459059148547382 0.402417304942302
