V3 V4 V5 V6 V7 V8 V9 V10 V11 V12 V13 V14 V15 V16
GS1_SS_00075_12059 -0.159172774476275 0.433414896665009 1.16310153576264 1.69355777951931 1.72062187358853 0.738581888791202 -0.947124541805783 -1.07084611469364 -1.19070138842874 -1.09017761045736 -0.838868165528913 -0.668751002808116 -0.234952237870085 0.45131586174222
GS1_SS_00138_18549 0.78101581865073 1.28010042934973 0.324068834074339 -0.526345074945674 0.232132195261365 1.83500371361376 -0.294861752220149 -1.3745700163749 -1.13050013000236 -0.789349530978505 -1.51192773269667 -0.544951299467348 0.79579134988853 0.924393195847154
GS1_SS_00248_20496 0.736892665456377 0.0937503733788777 0.294087871598163 1.5470810773726 1.77982611206854 0.837061414566019 -0.963324543695821 -0.856674287290849 -1.95057595036174 -0.850782007931458 -0.869342687913539 0.371571345174151 -0.0609219598051292 -0.108649422616194
GS1_SS_00271_17715 0.805731730233733 0.955614781754528 1.03456081652502 1.51166946144236 0.868659728963838 0.291896016966643 -0.971126124818131 -1.50200960501392 -1.56951418546985 -1.31665804511798 -0.664495149187802 -0.205692831173767 0.190181488110164 0.571181916785162
GS1_SS_00431_19531 -0.672887223321523 0.0615305346673164 -0.0607962800770143 0.89874393529845 2.31275510853357 1.8239047190791 -0.291401171737895 -1.01325501784823 -1.0498045796766 -0.706010263728484 -1.10120240099775 -0.286832476509349 -0.108767579976752 0.194022696295163
GS1_SS_00464_05744 -0.968432720148385 -0.323947890701777 0.451951134295403 1.59766081099687 2.30840800946757 1.29041071999131 -0.0811092645576216 -1.09540474570852 -0.960658922665112 -0.205119843457457 -0.451660277926981 -0.624904907554214 -0.442035576281024 -0.495156525750058
GS1_SS_00519_20465 0.290832805215919 0.584477118343976 1.20747748086156 1.67798612284659 1.18662391224172 0.843843378053179 -0.923496562477871 -1.27279383686011 -1.38879181230795 -1.22065991531053 -1.10857198397891 -0.045691658386675 0.231269799845514 -0.0625048480864173
GS1_SS_00606_15578 0.2361407478732 0.686358557928932 1.88040726847881 1.19785647566101 1.03577142121084 0.502518234899904 -0.889652883394894 -1.48916829995749 -1.37790089577551 -1.0540629283802 -0.642207462154378 -0.672100197606252 0.0456575947437559 0.540382366472278
GS1_SS_00808_05136 -0.53552511653112 0.149021913757427 1.06280193870099 2.0000783455967 0.741016122454011 1.07712900086693 -0.746132930370418 -0.923215418741419 -0.931238573554345 -1.15072916593652 -0.93696939842072 -1.10029790711242 0.243580524052622 1.05048066523829
GS1_SS_00896_15976 -0.13814918506264 0.00599260016728502 0.57128334292274 1.41848403978434 1.77540655559178 1.81806075734349 -0.359323478099796 -0.657844056980058 -0.888274802075517 -1.46680305571943 -1.05496938363393 -0.711774656896016 -0.240617324902961 -0.0714713524392735
GS1_SS_00902_02110 0.424463767801031 0.745267118606391 1.62591903550169 1.92725616356401 0.80857127496677 -0.161080212309723 -0.81436664756627 -1.23717300554518 -1.31503789651735 -1.27610545103127 -0.771540957531574 -0.211692391441637 0.0927593322595665 0.162759869243552
GS1_SS_01027_08900 0.052093410109079 0.423827938557361 0.292049031647123 1.08862302117916 2.203826606524 1.0728882263242 0.077072396941318 -1.16735319114984 -0.982075981732755 -0.840266143102485 -1.72397155914382 -0.669543618926237 -0.09365012723493 0.266479990007824
GS1_SS_01038_02036 -0.490835947575001 0.0119062459789271 -0.00417292865499377 1.63590288400494 2.34445851287306 1.17389459952361 -0.284486539773015 -0.270015282602486 -1.04395955498188 -1.27978744961272 -0.978570911470602 -0.574447655671389 -0.191763299384071 -0.0481226726543777
GS1_SS_01251_07968 0.156993865621037 -0.0551900643891748 0.379316276928664 1.19401566689961 1.55972517084213 2.05578657717999 -0.696086917832988 -0.378933497532742 -1.56365124599761 -0.612806535747069 -1.3442255436321 -0.489696405707014 -0.439728176455463 0.234480829822718
GS1_SS_01396_16976 0.0146983731095255 -0.681272068100094 0.346228344357712 1.02557032305958 2.55885313679467 1.38100370916266 -0.869035123916726 -0.266253358010933 -0.809449799930636 -0.98335580365748 -0.338656455180077 0.228096975292266 -0.759910838709643 -0.84651741427082
GS1_SS_01448_08558 0.609623524882389 0.23563804688935 1.19055991598488 1.35790152970097 1.09122961866899 1.25964590329886 -0.505884883614088 -1.8415473050178 -1.21056195421673 -0.687043694792981 -1.02326216638771 -0.809863227795621 0.475596709493258 -0.142032017093767
GS1_SS_01519_15323 0.395199575740545 0.934984362117874 1.37455370190845 1.38250730878041 1.56013786225429 0.163219375308245 -1.2421829589679 -1.26789962118725 -1.44208361168327 -0.842911893995275 -0.0570955350451743 -0.864121512320514 0.0338407035242874 -0.128147756434725
GS1_SS_01533_09963 -0.280562214843454 -0.571392965891082 0.461266947249046 2.26164778706769 1.74381249534728 1.31479197749752 -0.164801941781536 -0.431848397453633 -0.6751105577502 -0.49311553807288 -0.577414306492482 -0.797193238443588 -0.977833456485593 -0.812246589947089
GS1_SS_02370_19794 0.62435849398653 1.05134185128808 1.28275886413033 1.12911314248916 0.894850838505417 0.123302723967849 -1.07361641622442 -1.26804464422713 -1.25381818851961 -1.28227109993464 -1.20639666949456 -0.439116491669248 0.44538968118599 0.972147914516249
GS1_SS_02603_11084 -0.34855114017946 -0.229412733523675 0.235024392096832 1.25565634488092 2.51258162682668 1.58983030491795 -0.549745423732081 -0.895992765551102 -0.749387415341305 -0.823983667065701 -0.416075839717266 -0.539526168438045 -0.48592897717017 -0.554488538003575
GS1_SS_03025_20848 -0.569617137980644 0.508478923403863 0.563037910976356 1.67161897021312 1.39555310983432 1.52508164148124 -0.400837536137681 -1.01577096920894 -1.64509646135208 -1.05109693238537 -0.407379381170354 -0.870542009483601 -0.0261206526661728 0.32269052447595
GS1_SS_04043_15271 -0.395683577606536 1.15567200141212 -0.14331846118032 1.30077081614747 1.03082470836528 1.69400640761584 -0.965396715217747 -0.705020007793874 -1.22132253875403 -1.17013737404678 -1.35707449732545 -0.120173864964865 0.051630253096016 0.845222850252882
GS1_SS_04130_11805 0.321943632130343 0.659721023240234 1.10823532244207 1.57146152684822 1.47006866665631 0.642225784618886 -0.525979012415675 -1.15819331714166 -1.54388380493047 -1.10650283939677 -1.27350284441873 -0.513454012039029 0.268662678147147 0.0791971962591382
GS1_SS_04260_21478 -0.254691743686928 -0.0589396444552519 0.6291889084561 1.70782292463064 1.98946625107622 0.696004293346912 -0.792011281373877 -1.21247880064192 -1.6968653727203 -0.687144085356907 -0.672163057354483 -0.268674036489191 0.234988124952311 0.385497519616667
GS1_SS_04440_08027 0.81046626272149 1.09307493596982 0.642024007143017 0.386085357694615 1.70554969305932 0.587280274080013 -1.20943711875703 -1.06438962089779 -0.867873656056241 -1.62586380615937 -1.01292115391548 -0.713468255109307 0.643357508333013 0.626115571893939
GS1_SS_05020_04092 0.508245854343284 1.0172322974265 1.14380564570646 0.993892531077008 0.911305665532641 0.28611411652857 -1.04205324125587 -1.67491998265564 -1.43254548594935 -1.23505515529977 -0.736840912070165 -0.334229942541375 0.570634845162126 1.02441376399558
GS1_SS_05330_18052 0.0337720365254902 0.481972594433708 0.559248552693745 2.04722179153064 1.35338233651498 0.285658777066719 -1.38317308748516 -1.34305535596292 -1.22467516458584 -1.21217947771826 -0.17942213846414 0.771346395577678 -9.78515629517849e-05 -0.189999408563682
GS1_SS_05559_03263 0.350838382196467 0.637251056328905 0.542686871741044 1.28927990945163 1.62209463693514 0.783657535005542 -0.728409375917106 -0.677207110150414 -2.10127012678656 -0.998821341997453 -1.22603139633715 -0.240067766167273 0.255634169286522 0.490364556410705
GS1_SS_05616_17374 0.0695338325692906 0.295181677815188 1.01077208207566 1.35984057195882 1.49341269818962 1.19866353964032 -1.02753856420634 -1.02397664084019 -1.4870266784403 -1.36681176483258 -0.93047615247863 -0.27062984889848 0.247986193213639 0.431069054233989
GS1_SS_06023_14572 -0.190083800613249 0.399269063223429 0.172044259290135 1.03414030458471 1.25292218365457 1.84007254535296 -0.117951855584344 -1.09659697236328 -1.50038903104926 -0.878182176983135 -1.36456806585489 -0.740525793340187 0.151854656355836 1.03799468332671
GS1_SS_06105_17851 -0.141638527110632 0.412806875876948 0.204144627440762 1.18913412316437 2.43488662749271 1.08182210968291 -0.776697544090329 -0.163152771359332 -0.42935914296674 -1.49211096730011 -1.35473085342287 -0.47860861775292 -0.117791413003639 -0.368704526651128
GS1_SS_06278_10364 0.219438106965359 0.321804535066375 0.577135654301194 1.25450893282106 1.46216654411169 1.4914140949977 -0.862428800307948 -0.699227466364043 -1.27247946372973 -1.82818293056382 -1.0501980769961 -0.209886692490301 0.124091091076984 0.471844471111578
GS1_SS_06314_12222 -1.0317433757296 0.189852696309447 0.563273560545365 1.21382517398553 1.6228038755945 2.00635384964229 -1.40173136174476 -0.431625405285774 -0.74291541184721 -1.04085533643903 -0.197469205659915 -0.733591545074777 0.199430850357491 -0.215608364653556
GS1_SS_06448_16412 0.25485389472284 0.728795143367601 0.986477161643244 1.22210289025437 1.42652703836449 0.720618177443197 -0.796316593190739 -1.29016229836201 -1.48167544764412 -1.00504440757685 -1.39560212212407 -0.458263607210752 0.289283224930859 0.79840694538194
GS1_SS_06885_18778 -0.363923870051742 -0.0514639816234786 0.460323766664194 1.40879480729887 2.21497934701642 1.51590580353493 -0.437887498813564 -0.888070579443575 -1.15679875934942 -1.1251091154926 -0.639623771606092 -0.656736179288776 -0.142096363053989 -0.13829360579117
GS1_SS_07495_18169 -0.104048439460667 -0.2017949603684 0.254808787732769 1.57039196217616 2.49345910744397 0.987312715717853 -0.513563863576719 -0.670128290978497 -1.10191292246657 -1.28380644832966 -0.576631618805882 -0.413437427377319 -0.377738698002321 -0.0629099037047164
GS1_SS_07606_16073 0.13136012009395 0.845121913740497 0.761789318543185 1.78062087373815 1.23787205806174 0.694978316132817 -0.815732940105072 -1.52949473375162 -1.59253765359654 -1.07080314453511 -0.455591202600165 -0.630227336883229 0.279837065797684 0.362807345363704
GS1_SS_07744_18917 -0.141381801881241 -0.128960989165542 0.482320436628473 1.13086430056958 2.14670934053206 1.71552969911567 -0.259379522680376 -0.880420158465297 -0.896389774814052 -1.57598567054441 -0.574335845114157 -0.567238237848044 -0.318821983534075 -0.132509792798599
GS1_SS_07794_18157 0.152653348219471 -0.174149849076823 0.223401504155897 1.25581148402037 2.66880115348985 0.981502037014419 -0.380375296646042 -0.380967331423753 -0.940637541286246 -1.00576136683442 -1.25836287199098 -0.294727598803897 -0.328276236207503 -0.518911434630341
GS1_SS_07877_21256 0.376026022506219 0.581076659754184 0.427550799141208 0.83136125788519 1.44980835883248 1.3939399237021 -0.812039466647069 -0.567746121613154 -1.23127740211606 -1.35709371715499 -1.57877008174738 -0.869705277706577 0.462749411086622 0.894119634077226
GS1_SS_07917_21846 0.113395586821419 -0.393689834327598 0.282329100721063 1.55678480057892 2.05817263272626 1.76949478997476 -0.574778204764148 -0.63108937606403 -0.990037483169514 -0.834303383790415 -0.330066757142235 -0.860892132464895 -0.464909696848528 -0.700410042251068
GS1_SS_08026_15032 0.467940111499025 0.819815375281295 1.06777542670732 1.31915561677371 1.1338981070876 0.775923596063354 -1.03161967536639 -1.27330947261842 -1.39871455609825 -1.30181062795475 -1.26760924155116 -0.137823444019229 0.277381386920355 0.548997397275534
GS1_SS_08038_15456 -0.415132524020967 0.600286348506644 1.66950545723977 1.46327121845195 1.69349745446656 0.483379889292487 -1.09587515240523 -0.877766086707174 -1.53209328380134 -0.422160482804571 -0.53363844971691 -0.783252158238017 -0.19871986216723 -0.0513023680959782
GS1_SS_08189_21412 0.569870825570524 0.888024303655235 1.29965144511254 1.45658429279314 0.515844763254253 0.709652542357069 -0.627278110834481 -1.63576460740489 -1.36906452200234 -1.18640497798066 -1.08178307952693 -0.532089334372478 0.429403063548218 0.563353395830783
GS1_SS_08199_11751 -0.136963841053823 0.657797021014908 1.2868449155418 1.8475499897521 0.943146667562563 0.399123120461793 -0.399312086785249 -0.91702732240931 -0.774830164008663 -2.09869673175422 -0.401884128410067 -0.964058940691694 -0.0193847953478623 0.577696296127722
GS1_SS_08582_19866 0.257088740411039 0.354175964300926 0.653184398377152 1.17245131567805 1.66878721280761 1.10682635663508 -1.02787058694646 -1.87496057551256 -1.39220225611603 -0.918495655208181 -0.634875142562718 -0.0533022296647093 0.344973383837429 0.344219073963372
GS1_SS_08753_18806 -0.0416857679389107 0.276312280370469 0.844683934560836 1.27454332597562 1.62970762280463 0.685684910406146 -0.82689075495597 -1.58653261494246 -0.812386853094653 -1.6046624922691 -0.553129607323608 -0.607519239303547 0.174422369794715 1.14745288591583
GS1_SS_08831_18370 0.0650782287854241 -0.37645162110214 -0.891608880424549 0.883190967821688 2.10353693089208 2.08985153880382 -0.484957229801926 -1.00304707314325 -1.18955941674612 -0.293361740566267 -0.66873249498715 -0.507440373946927 0.16998653442201 0.103514629993312
GS1_SS_08845_19043 0.293110502658903 0.58695139765502 1.10873556788979 1.81273233758324 1.44205822644749 0.343101800405947 -0.858677635774401 -0.968033599596059 -1.51765383334907 -0.977975050852573 -1.31598439357406 -0.0701785304005777 -0.238047035903434 0.359860246809785
GS1_SS_08928_09613 0.23426846005716 0.461553630986501 1.14675157275878 1.98570124780679 1.25738597213762 -0.111004454016384 -0.780827222461089 -1.25311243793632 -1.66757363198395 -1.0692788438023 -0.7049540845185 0.519711895312538 -0.0775801641738334 0.0589580598329841
GS1_SS_08990_11146 -0.800346723195177 -0.153736564736606 0.123878063003661 1.74526414547871 1.89247350285974 1.37724075202613 0.230118778472047 -1.13920599867604 -1.23086465515857 -0.778126442835776 -0.955888685710984 -0.604530502527955 0.183595066469551 0.110129264531281
GS1_SS_09050_12656 0.0496023592925665 0.186134955040241 0.635750916898963 1.99855472051337 1.55801851255906 0.429775018141695 -1.27183812097957 -1.07006581199286 -1.61148817444053 -1.17095196648621 -0.281472371036462 0.0211860924436047 0.222790257839494 0.304003612206645
GS1_SS_09151_08608 -0.199025564474547 0.144799271689708 0.278181137409174 1.81743647518248 1.61539691987015 1.35614262323044 -0.49082074524421 -0.231924040737793 -1.57253694846508 -1.207792972503 -1.10230329318064 -0.76437872721577 0.280863078408896 0.0759627860301979
GS1_SS_09570_19020 -0.485575818565157 -0.284333858513716 0.102347840564992 0.86234012862503 2.52630049629869 1.81992771034632 0.0965401866843129 -0.640896794443785 -0.936681957203957 -0.565262232276801 -0.684116544253491 -0.793516535959307 -0.547704208916608 -0.469368412386517
GS1_SS_09586_01537 -0.695383458707223 -0.918017717634532 0.731449895304736 1.83255726458068 2.01132270401493 1.21181346875381 -0.741445719174942 -0.738374901810428 -0.802862066465234 -1.0112389590573 -0.257791984263894 -0.651514639214158 -0.0658658989817314 0.0953520126552848
GS1_SS_09614_09565 -0.686257427165077 -1.01106919820386 0.41029353088187 2.20535955891187 1.78434917972571 1.27053543738562 -0.23279982332498 -0.526680912473551 -0.8209354785714 -0.648909732237273 -0.450853774286798 -1.00201521155469 -0.131021695905058 -0.159994453182385
GS1_SS_09725_01113 0.121062091104547 -0.234338625976646 1.25581242583381 2.16361269361722 0.412855034320644 0.733981659658993 -1.26966321709154 -1.47376388954216 -1.04919743777271 -0.677122838222024 -0.301034155854611 -0.892339432318976 0.621278565189284 0.588857127054162
GS1_SS_09939_10321 0.455035723394112 0.816536934579193 1.22047746758657 1.48943027817122 1.25320176393147 0.0188822111722254 -1.10090230437986 -1.25532007775737 -1.40769258261331 -1.44655268452288 -0.766500901105404 -0.144739270552281 0.425890646961934 0.442252795134385
GS1_SS_10032_19750 0.530257548871284 0.358837950533784 1.13955874947016 1.63086147812207 0.841344429458737 0.686873702546346 -1.0852488034208 -1.97131005640438 -1.45640763336307 -0.997286306151246 -0.343360228888792 0.273235422703167 0.158026005547676 0.23461774097507
GS1_SS_10078_07251 0.279906122137694 0.0460144267878578 0.535600187324332 1.04647228527544 1.79729945953691 1.81600563484067 -0.842206379877129 -1.31824628933157 -1.01507724130503 -1.17633737323404 -0.963473999087745 -0.37777719992158 -0.0907341650879427 0.262554531942132
GS1_SS_10115_00001 0.425700452322859 0.979443323824963 1.18111674194244 1.38120426162124 1.18587443725844 0.24200054984364 -1.02936136515642 -1.10072679489655 -1.25667347469905 -1.2593166387635 -1.22231234186121 -0.603811950780099 0.208960999038026 0.867901800305208
GS1_SS_10467_14699 0.538426089935304 0.385112534099902 0.975252690817472 1.48434732278999 1.60723223395577 -0.0534695655132057 -1.07955857374747 -1.16938159214722 -1.87743274695958 -0.368727879277798 -1.0874583180367 -0.226093607388945 0.35205064133387 0.519700770138614
GS1_SS_10556_17060 0.190059386408787 0.728658077783687 1.03409477157843 1.58408632869749 1.26297962790402 0.641317055167864 -0.826782780859872 -0.582741688256836 -1.09009027551052 -1.51523554736107 -1.51009784014837 -0.765130294307526 0.185345540041139 0.663537638862772
GS1_SS_10583_08301 0.344612870378707 -0.0125728486920944 0.424480922422761 0.903830219774537 1.82904485620719 1.71978141342848 -0.088352333199912 -1.01885391041218 -1.00828002885295 -1.18098676098705 -1.28672557657935 -1.11930578522487 0.0304276029821091 0.462899358754631
GS1_SS_10703_11225 -0.329383644834886 0.194240119998176 0.976327789211751 1.68342075041854 1.74234516385244 0.699115207829542 -0.873095277884049 -1.29895808406541 -1.36457845357135 -0.673555786937435 -0.981569766251 -0.574455637071331 0.11442432361953 0.685723295685474
GS1_SS_10963_08117 0.641835267560017 0.657047905755264 0.956749661931212 1.1945270320418 1.289126630903 0.794907645501102 -1.07074984879671 -1.24972206285844 -1.24205182511294 -1.63834744196392 -1.01961493049335 -0.267931631434075 0.380970481835465 0.573253115131561
GS1_SS_11061_16720 0.661677120434924 0.91871064075053 1.00299079994048 1.08265861211008 1.00634523413709 0.528673804539149 -0.961030422177464 -1.36985208988989 -1.55853901344947 -1.5543459707037 -0.828949575685758 -0.210895074959489 0.485443533830276 0.797112401123245
GS1_SS_11095_08210 -0.909912361763956 0.495915529363421 1.05514654132105 1.68503455674835 1.339965470036 1.0359760365037 -0.418243686069767 -1.30008690766799 -1.31761422635814 -0.92763138550228 -0.659244318059343 -0.870119871050222 0.132223666542787 0.658590955956384
GS1_SS_11152_07958 -0.632621490430181 0.087140350335139 -0.0915783996512062 1.21390621938967 2.74802517679199 0.850883758479911 0.0253567199687657 -0.610979766799022 -0.616913787794662 -1.07069186393187 -1.12130557242409 -0.728613006536128 -0.294731353737247 0.242123016338923
GS1_SS_11185_09579 -0.297774271932649 -0.192521056627174 0.20337875673237 1.20531550453502 2.80996540103429 0.90580547782365 -0.65822037066298 -0.648618322950902 -0.600608084390509 -1.19704297112154 -0.89236261102674 -0.43811189233995 -0.0362292646367268 -0.162976294436163
GS1_SS_11224_10519 0.276816200677946 0.616417050411359 0.789900506183925 1.64689757712449 1.89783944191925 0.0598432956297892 -1.02165493630277 -1.14406560205632 -1.17772853513854 -1.14712586870015 -0.994112536508224 -0.467746673767985 0.0892218554106398 0.575498225116593
GS1_SS_11367_05480 0.509132141221417 0.556793174401324 1.06170224465096 1.28187549575379 1.36282154395336 0.0909972346417216 -1.22486172489048 -1.05778908140657 -1.34919485492502 -1.53698968674802 -0.770268718201697 -0.426409905449926 0.539567855344455 0.962624281654685
GS1_SS_11497_04275 -0.34113348978546 -0.649186197508156 0.476633747008154 0.951185186514628 2.69932169050196 1.13200962145429 -0.624141261920945 -0.910154426326894 -1.13756244145877 -0.236946557742662 -0.992301815052947 0.207350599574461 -0.313333611283656 -0.261741043974001
GS1_SS_11598_04182 0.417930665876466 0.702506848891232 1.09377433677148 1.36527525183683 1.06090606678844 0.197335046760185 -1.08543698813116 -1.48615973175996 -1.43663220164853 -1.23401957846544 -0.882824364948067 -0.218254960907509 0.458651300633531 1.0469483083025
GS1_SS_11616_06774 0.507864586518613 0.916392256625937 0.967191336167125 1.1755411841404 0.872219143981426 0.453458036111456 -1.40564103138722 -0.820347288847442 -1.54552255476151 -1.50208566066107 -0.747461652983998 -0.496411129454357 0.49637957723104 1.12842319731959
GS1_SS_11861_05793 0.144079959009348 0.649639007854875 0.922162587540584 1.23028108375667 1.23250576603982 0.176226618000846 -0.967705011994184 -1.72632167054787 -1.58839136899265 -0.865369626969346 -0.962143306286312 0.100587420373792 0.553199030880382 1.10124951133405
GS1_SS_11923_13512 1.21229038724041 0.441793362063489 0.936997660868757 0.788597675559035 1.61985266573595 0.383186121488273 -1.57934991612218 -1.53149629767086 -1.41750790315759 -0.431938435502808 -0.538399294529347 -0.57119784200722 0.0464364446785675 0.640735371355508
GS1_SS_11936_13398 -0.308995163268695 0.232454881463223 0.79075998268404 1.2143737917856 2.19733682065153 1.18752502923691 -0.214577014972468 -0.345837631877175 -1.11997695203107 -1.1080441686761 -1.54359076113263 -0.596426082331616 -0.353295621474033 -0.0317071100575007
GS1_SS_12193_07611 0.37246858234157 0.9478407149129 1.24262340142952 1.05501787686246 1.57379901220745 -0.562465641931515 -1.05558976567228 -0.997361086854185 -0.806298234482301 -1.56509070533064 -1.186604293013 -0.29170228542736 0.634679601644317 0.638682823313062
GS1_SS_12288_21519 0.0182840890294318 -0.145690440806066 -0.325351822637273 1.59863387085364 2.19392979274212 1.10389469252741 -0.834839323352637 -1.16600619881762 -1.07617550790202 -1.12846501455439 -0.0437929406629928 -0.659200211263919 -0.122897578931957 0.587676593776276
GS1_SS_12299_12089 -0.504743768773054 -0.734253399723949 0.534706343351739 1.71682997497674 2.58419754129766 0.655720512398575 -0.618008261969599 -0.144085777278789 -0.549453437140111 -1.02337592183092 -0.596150201879038 -0.759092104372314 -0.388498631018704 -0.173792868038234
GS1_SS_12511_20548 0.133631150079323 0.84529059591245 1.14099004756081 1.27256922939476 1.72814446112094 0.466512331820115 -1.01945522835805 -1.44673386184036 -1.20762760667973 -1.12273781194814 -1.08453740431893 -0.132356873412979 0.156692877648071 0.269618093021727
GS1_SS_13281_08129 0.00778614864613027 0.505840555554337 0.869315075381011 0.778627819935234 0.752691264877742 0.473918641637424 -0.736756218563698 -0.704834304646785 -1.70438923417014 -0.904527641138386 -1.19109936834704 -0.957126249296936 0.883825036252335 1.92672847387877
GS1_SS_14879_15591 0.169717619250928 0.450328195421895 0.935550650050859 1.89547266270238 1.19862306521114 0.387424657930236 -0.967924424975536 -1.39234792143412 -1.84249405404172 -0.845157297900738 -0.647560683847015 -0.103643850368957 0.315658503074512 0.44635287892614
GS1_SS_15193_03735 0.472941971248919 0.943471212747933 1.13536302632016 1.24708086298892 0.550487293171941 1.24970951796936 -0.546976161162352 -0.812470314186935 -1.26985628078374 -1.52877879635722 -1.527464468867 -0.713895752420382 0.171040946745222 0.629346942585184
GS1_SS_15620_05080 0.961617689379987 0.295399295130174 0.72128594230977 1.69744822361967 0.682219670666668 0.994255334043844 -1.25972018683281 -1.59598682882406 -1.42290841015209 -1.07971863141396 0.153588729065716 -0.682627288003704 -0.0283908654236668 0.563537326434462
GS1_SS_15751_07737 0.960939454055675 0.111063991948436 0.182158488604323 1.45001034563429 1.46067452013267 1.11408884893523 -0.765768133474159 -0.522861936566548 -1.39969406198914 -1.16863694785751 -1.80552514706649 0.285837962894156 0.155498052358365 -0.0577854376092932
GS1_SS_15917_17654 0.944066505237036 0.353145557727559 0.921949117712042 1.07608703055947 1.98719135248462 0.159795261666838 -0.420750791907675 -0.795166566437941 -1.14885613240267 -1.39643882857799 -1.07576028876996 -1.2408154195535 0.2093118009019 0.42624140136027
GS1_SS_15959_14349 -0.112806806472089 0.0986367020478494 0.505228750798583 1.51069347411195 1.60064169906803 1.79487772107463 -0.400771486077851 -0.431666745954069 -1.05087554094156 -1.40023966106082 -1.30898783864161 -0.724976175158669 -0.00618556996255924 -0.0735685228318295
GS1_SS_16093_15477 0.152022420381658 1.16765413268748 0.524456961564467 1.4870779180085 1.26117054302827 0.118313016654163 -0.677120171302697 -1.11099281927917 -1.5595453688789 -1.24800523442963 -0.250315624107799 -1.27464653737555 0.986602012667223 0.423328750381982
GS1_SS_16301_05433 0.726133258637124 0.836174925074777 1.11939691902087 1.47116945927238 0.681034215015135 1.04002260224617 -0.716134156394077 -1.45305252917737 -1.7326665996337 -1.27806823992406 -0.599778623849346 -0.371036274598619 0.225533874433048 0.0512711698776838
GS1_SS_16380_18621 -0.0701386427417731 0.773931303435279 0.868875010132778 1.10438374321377 1.49135928602484 1.31008251906064 -0.490096486208834 -0.588288068314442 -1.8270126425698 -1.33605473204176 -1.08679917746599 -0.592568214201097 -0.0449613139967455 0.487287415673139
GS1_SS_16822_18941 -0.174905289275377 0.102306111848166 0.167889882454428 0.974890181743679 1.45029253843102 1.72862366246736 -0.757161203926095 -1.31382345199876 -1.30582543119312 -1.57775813858494 -0.491626913178789 -0.230891434914869 0.513564341674264 0.914425144453028
GS1_SS_16825_18372 -0.217070438199272 -0.086479028253917 0.0714709172945148 0.994730298779691 2.3320155190581 1.82570022016382 -0.524945158852566 -1.02834221394919 -1.00207801977023 -0.921096754385123 -0.943713143817 -0.227284291491087 -0.0521896636313938 -0.220718242946349
GS1_SS_16898_19287 -0.619136416153792 0.143281949478229 0.239248372678427 1.12087762387748 1.42969690960822 2.20174512393507 -0.282091711834759 -0.560145291304259 -0.851581039822092 -1.42771164277138 -1.09398757593332 -0.871504864707946 0.0464853669077874 0.524823196042338
GS1_SS_16954_19249 0.166141770392216 0.375726971911726 0.714761856722698 1.24899864490968 1.50378849773732 1.31064135123895 -0.853017640918341 -1.28246182834557 -1.65437282319882 -1.02150770488501 -1.15506690193175 0.125046632839371 -0.00645780732973282 0.527778980857253
GS1_SS_17356_10984 0.152315229802095 0.372911935702521 0.801368330619677 1.46900840136805 1.77528018139582 0.686313852408187 -0.466175512437055 -1.11728662997757 -1.6115347406044 -0.875834274294305 -1.4559681221776 -0.43846520852978 0.248296592400216 0.459769964324153
GS1_SS_17458_16314 -0.524438697227336 0.291522763970927 0.203862167074425 1.54786537035399 2.21287679508608 0.462309788958941 -1.45035375194664 -0.621545479134238 -0.920989543963885 -1.40501206389673 -0.571858545979539 -0.111451488572693 0.290578145469887 0.596634539806814
GS1_SS_17609_11542 -0.180470418580368 -0.492440088733394 0.304433619909453 0.853696755706434 2.37424184094047 1.91365669799801 -0.628773291044362 -0.918634874336149 -1.00215431358972 -0.781073444977335 -0.773704082690256 -0.224686592302844 -0.260796467509533 -0.183295340790415
GS1_SS_17684_13787 -0.147626815184661 0.215992535769656 0.635464435334542 1.29221336899674 1.880783674355 1.42317796573876 -0.640438888925079 -0.797057139028919 -1.07362355214883 -1.72767615587811 -0.726182180792061 -0.692285461635302 0.0341828602924973 0.323075353105779
GS1_SS_17963_19831 0.67171296829682 1.26952048510949 1.4874802971788 0.776825845407663 1.20659337807658 0.558444175637576 -0.768052209654551 -0.782465681097844 -1.90320097283486 -0.918866337683153 -1.07530523505548 -0.530405704882209 0.355319692712341 -0.347600701211177
GS1_SS_18115_12912 -0.329784107104968 0.796722694625472 0.782907045170288 1.84458656868794 1.66179489897319 0.916812570659 -1.01525286853528 -1.5593769086164 -1.00249996134588 -0.862217982262468 -0.327658622573401 -0.129138367325056 -0.3546522761243 -0.422242684228127
GS1_SS_18143_12857 -0.568688866892836 0.0595417460942443 0.421420832848788 1.43160957397402 2.05375562896607 1.73279519472812 -0.847057395165563 -1.10869338895195 -1.06914376198424 -0.692509622091743 -0.65235153932453 -0.343712335026519 -0.321351584394775 -0.0956144827790784
GS1_SS_18192_21167 0.379465877407559 0.837322530092307 1.2751720013152 1.58451380699464 1.13204370316501 0.280199477077588 -1.10106555076968 -1.36115890977379 -1.49967016604816 -1.21495258370639 -0.534708414003333 -0.490077009203812 0.147074769658325 0.565840467794527
GS1_SS_18307_10813 -0.102701365182772 0.478904684719126 1.04020528649477 1.20482445523259 1.42455841174166 0.293254873279119 -0.562232994801853 -0.978252949864682 -1.11120528878656 -1.10153602777406 -1.63818001396783 -0.893646916005304 0.888881351649143 1.05712649326665
GS1_SS_18344_01636 -0.194419903356667 -0.0500634642977043 -0.0918508545516146 1.29947929822063 2.43771082593225 1.57489618853049 -0.709164574211654 -0.838800455340262 -0.899582113891405 -0.862543290711802 -0.777069083374258 -0.530143595510242 0.0767232765863192 -0.435172254024082
GS1_SS_18405_20387 0.0369979148110624 0.348268210882009 0.790047483079219 1.10050475972013 1.78227962462179 1.5499883588972 -0.290145617751064 -0.474817174002111 -1.00134404297784 -1.33042333608767 -1.50851330647652 -1.00134404297784 -0.227039823895885 0.225540992157519
GS1_SS_18463_21827 0.415016069077716 0.763534994128361 1.0116431066016 1.41007554604392 1.32834581487627 0.492192286651745 -1.01554611825328 -1.12646503912367 -1.48841099143757 -1.47673531555648 -0.904627197382892 -0.387978539644498 0.287167418179741 0.691787965839041
GS1_SS_18588_14955 0.353098896544413 0.294808873568292 0.108370939255494 1.37047012230289 2.27035991000125 0.47658961532372 -1.6657189610667 -1.10279958969679 -1.03324216537219 -1.11947534369253 -0.327151680867635 -0.000997969833722181 0.305325114826871 0.0703622387066318
GS1_SS_18856_00961 0.0590028880627476 0.738596079234986 1.61229685704743 1.79210634020744 1.40649082210525 0.149990819300344 -0.935365217605272 -0.83137901047659 -0.870373838149845 -1.09134452829829 -0.946197114181176 -0.98085918322407 -0.413267802646682 0.310302888623728
GS1_SS_19105_00261 0.0231197212726118 0.69807611869561 0.718274315127221 1.48412259649247 1.43194392237747 1.04464350580133 -1.12312792622131 -1.14837567176082 -1.5961023593282 -1.29312941285403 -0.806689515459403 0.0466842837761578 0.0820311275314769 0.438529294549409
GS1_SS_19454_11152 -0.273248779930108 0.355586581632454 1.09633992289225 1.89197029364009 1.46465654099562 0.541683763650281 -0.896890731761941 -0.892562890319666 -1.21368872533647 -1.41623170483494 -0.685692069378919 -0.792156968858885 0.230079179806478 0.590155587803761
GS1_SS_19513_02118 0.677321120755511 0.996401766708196 0.958365663217148 0.922442676586713 0.588147589237608 0.752970704365485 -0.929704251741293 -1.52032041428285 -1.58477047853158 -1.21814470321508 -1.1748258075725 -0.0320522093525461 0.569340849178145 0.994827494647039
GS1_SS_19516_18083 0.167132232891706 0.825317266000522 1.12146585307899 1.71168235800586 1.54730948883116 0.665175090926944 -1.0188492282422 -0.951574256470274 -1.07086595899368 -1.18668987946699 -1.10415666667464 -0.631151195041114 -0.309341020791915 0.234545915945633
GS1_SS_19568_16501 -0.102052287784789 0.389697340796799 0.637787243504628 1.26244217710827 1.56812437865898 1.75308426148134 -0.612630167911168 -1.09994961965869 -1.22842474784667 -1.10216470807572 -1.16640227216971 -0.734460030848048 0.19144692747224 0.243501505272543
GS1_SS_19578_21650 -0.0532425130839236 -0.173846697390302 0.190316615053449 0.940208903405905 2.44469499916005 1.57286983633513 -0.685903446013146 -1.17956294618247 -1.01705391817642 -1.16832018323866 -0.521350279290036 -0.0971914955006546 -0.0205362936110074 -0.231082581467905
GS1_SS_20473_17303 -0.477132723326136 0.252506932801004 0.999125921585271 1.49341316115944 1.98109732692251 1.26815401457488 -0.78181741489571 -0.911049002341629 -0.875203744509914 -0.902559336013065 -1.29119739460955 -0.453550316857902 -0.209236585847005 -0.0925508386421866
GS1_SS_20539_10112 0.0821113168510211 0.34748866560971 0.308824416121689 1.30003517572368 2.09968215377139 1.46084330427613 -0.337044296916842 -0.83001347788911 -1.1138442184489 -1.12614647964963 -1.32561885769011 -0.671841548165388 -0.149171193722777 -0.0453049598708661
GS1_SS_20609_12191 0.50377060964308 0.722636628762622 1.10210174537582 1.17225111047824 1.21491337741808 0.786286440445346 -0.955422081668959 -1.36486531471572 -1.16157531788831 -1.3791815116754 -1.32764320262056 -0.35700504875446 0.323014306830198 0.720718258370026
GS1_SS_20936_11367 0.750076603083452 0.74956101691236 1.28886415187432 1.02333727376208 1.86374273264162 -0.0387702386869167 -1.52881427314206 -1.26070946417435 -1.25039774075251 -0.743318741483785 -0.786370186769945 -0.154777127182559 0.00337893079983339 0.0841970631184642
GS1_SS_20969_18592 0.571985924899621 0.633166438208239 1.17674869674164 1.42235104513163 1.30351119913647 -0.191868188923687 -1.13930785743062 -1.26695065498098 -0.842208242442734 -0.976453253659484 -1.58385691096806 -0.36794922740651 0.382062245096252 0.878768786598228
GS1_SS_21006_16213 0.247268159439882 0.46407361102555 1.52369852375377 1.16141755270586 1.22336196744462 0.466889266240948 -1.23939779429041 -1.27881696730599 -1.55475117841502 -1.582907730569 -0.18146227469143 0.374723485523577 0.18476061365804 0.191142765479609
GS1_SS_21010_11972 0.278467931007915 -0.152117687619765 0.780955167291606 2.1697483037362 0.892000932095587 1.01396585373558 -0.939121067121077 -0.817568189135272 -1.84973754287914 -1.00504805179134 -0.838170371844731 0.175457017460623 0.138373088583598 0.152794616480219
GS1_SS_21440_21324 0.744221338703419 1.08405282109854 1.43496146473587 1.31746443298809 0.814244822270282 0.001260309671946 -1.01388239559683 -1.1048733629436 -1.19982045930545 -1.46883723233069 -1.02179465362698 -0.586620461968506 0.300343663211772 0.699279713092143
GS1_SS_21449_18655 0.567747318433027 0.651011430837964 1.17384517561442 1.38146478057218 1.51987785054403 0.470587831425448 -1.08942478884705 -1.52737239305483 -1.20296676030833 -1.15971267594213 -0.90018816974492 -0.413579720625159 0.225120902647257 0.303589218448092
GS1_SS_21597_02532 0.304509271367636 0.94238120865969 1.32171368964068 1.51080938278118 1.02682221645864 0.363194141652619 -0.900160704760216 -1.6092695540371 -1.45929710775325 -1.26205073818428 -0.751818393762064 0.045480774470862 0.18681350374053 0.280872309725073
GS1_SS_21718_20427 0.420490172416436 0.700015716014297 1.04169046711356 1.3033201512744 1.2984571459926 0.933342709435058 -0.805278938914058 -1.38203136533553 -1.55904475759305 -1.51041470477505 -0.753731082926978 -0.178923858618225 0.26360962202557 0.228498723890974
GS1_SS_21803_11588 0.254580623947491 0.730922089640842 1.2583435763362 1.5976608587067 0.957944405205332 0.199852030016766 -1.22390220616625 -1.36579115339406 -1.38606100299803 -1.32930542410691 -0.627968627809465 -0.251760219159738 0.374294355708552 0.811190694072572
GS1_SS_21812_05109 0.459618458619144 0.6996989579887 1.14453038491423 1.36132548467938 1.36052253986544 0.448377231223914 -0.702242687159278 -1.59511732026612 -1.31890430426904 -1.13583288668958 -1.26912172580445 -0.24536708802457 0.270023917371194 0.522489037551038
GS1_SS_22097_13974 0.70426855066658 0.949429298694472 1.13403241175133 1.21998518396828 0.996638207677267 0.0755761144888109 -1.17529718421393 -1.27297078900592 -1.32831916505471 -1.25994764170032 -1.11669302133873 -0.345071543482022 0.481637847477373 0.936731730071514
GS1_SS_22234_16014 0.194617693255878 0.899775661691268 0.274181977305004 1.60883384012907 1.71144836529242 0.853363162662612 -0.345171371077407 -1.04330896150846 -1.3475253416963 -1.18761673159756 -1.10571232154699 -1.02224782749546 0.23869006628309 0.270671788302837
GS1_SS_22311_08179 -0.233131730980165 0.404130625135235 1.18931674054103 1.53413212426623 1.96804181818472 0.049453657457347 -0.221229819313122 -1.15365958477119 -1.62973605145292 -0.58848880789617 -0.626574925230708 -1.0686459300066 -0.0865681901660042 0.462960074232335
GS1_SS_22470_05768 -0.245535092086025 -0.0609189515776907 -0.166570131513147 1.2184884013053 2.46311617321575 1.54878505079296 -0.081261725354083 -0.728074435642167 -1.29045369778308 -0.56423854791617 -0.964531838354856 -0.594862078332244 -0.340468036375855 -0.193475090378698
GS1_SS_22580_15302 -0.521262033326697 0.939642986425975 1.09115243964786 1.1597187615439 1.09336425648322 0.590397108123254 -0.61017707010801 -2.21053714132988 -1.29816269674551 -0.982425843498433 -0.222113806344791 -0.249208562577902 0.582987521724811 0.636624079982196
GS1_SS_22930_13160 0.479091581719505 0.947860878111308 1.05037457933672 1.4440364275109 1.20622311160509 0.236498910824135 -1.01490708161224 -1.31275094328068 -1.19730758604485 -1.32891301329369 -0.839433178613783 -0.811726772877185 0.250121226977963 0.890831859636809
GS1_SS_23262_04279 0.712052160827859 0.575548611420164 0.726989494585691 2.03491701142996 1.63598090253177 0.470140218993711 -0.846895428190694 -0.856003558530835 -1.36423723151071 -0.998090391837037 -0.883327949551259 -0.478926962448993 -0.284012973169973 -0.444133904549654
GS1_SS_23398_15833 0.656020148232564 0.89531955568724 1.12440496404324 1.43520236518864 0.660397576417711 -0.0874130718781519 -1.02928970304884 -1.3517602460213 -1.48600137703246 -1.28901710870087 -0.963628280271645 -0.127539496908662 0.585543554451705 0.977761119840832
GS1_SS_23664_10790 -0.817837230806368 -0.460126209709572 -0.0935095200377517 1.888743876953 2.38152420477099 1.22824012430539 -0.566252093561941 -0.721359154576942 -0.621912522155841 -0.550667173555649 -0.667183004078879 -0.156591339110838 -0.362163855384308 -0.480906103051294
GS1_SS_23688_16915 0.069485848285678 -0.0353125972868717 0.219238954837442 1.59462174869191 2.32658705388278 1.01629421233803 -0.672472157317355 -0.679966682626476 -1.35072669779285 -0.93977689334269 -1.0759274364584 -0.311485854928001 -0.263895619215079 0.103336120931877
GS1_SS_24052_04293 0.0434666170840876 0.279526973140118 1.21641569774938 2.04843170679932 1.41571255573111 0.245665856492737 -0.668971277176818 -1.23512914752104 -1.29898153891324 -1.22545454276464 -0.780422723970485 -0.49792426508376 0.0618483661212375 0.395815722311982
GS1_SS_24128_01848 0.109171294128757 0.444010253852443 0.460457125610035 1.52273154854158 1.754922679237 1.42792017017428 -1.0187938695287 -0.876576801977755 -1.44254268304784 -1.10876793267317 -0.806919462769129 -0.602784760366073 0.0908862425864928 0.046286196232081
GS1_SS_24554_00835 0.144594607324523 0.380437195529856 0.692673442147031 1.3796791410012 1.91529431284794 1.08581605273624 -0.677362476853518 -1.01796430127762 -1.31881133862383 -1.23822731076324 -1.10392059766225 -0.679511384263134 0.0452076396297922 0.392095018227022
GS1_SS_25070_08572 -0.515944894712218 -0.564616013057328 -0.276239636862549 1.70206749844353 2.72937574637069 0.739074656900989 -0.429727485072308 -0.167946398544678 -0.957461468271435 -0.757040755943176 -0.112669914138445 -0.383837573489775 -0.700199842732993 -0.304833918890301
GS1_SS_25260_12678 -0.435290141510508 -0.242836840661625 0.369127043014857 1.82190915899941 1.41443474352132 1.40398668158599 -0.57696586135366 -0.973992214896417 -0.978171439670551 -1.85162941746461 -0.260180623474282 -0.499650203032176 0.325746689859343 0.483512425082912
GS1_SS_25290_14289 0.517692630138562 0.67237661583743 1.00913420444164 1.2723663862006 1.38518017838301 0.629664528349463 -0.844716320824548 -1.3661293205134 -1.58502175310614 -1.27632729688561 -0.933957081804664 -0.434433325375082 0.264899933626333 0.689270621532408
GS1_SS_25373_12674 0.161568176843869 0.364597249770999 0.94529611470968 1.482273219934 1.3880559067467 1.40899308745499 -0.811579666488684 -0.758620915285369 -1.00925128435222 -1.55916017766107 -1.07267862590968 -0.924886762086476 4.39856737569311e-05 0.385349690649508
GS1_SS_25636_20097 -0.433703972251709 -0.35605875982813 0.254750244570697 1.2682051362518 2.02136369676052 2.12119325559084 -0.135324513081096 -0.548323095353184 -0.784956123691713 -0.958733503877819 -0.836719598640766 -0.555717877488763 -0.58159961496329 -0.474375273997394
GS1_SS_25652_13042 0.396766297429141 0.693026196375815 2.03808092349183 0.623744282629968 0.948122782552989 0.903480879971984 -1.16222170309455 -1.12743580497948 -0.591153209038826 -1.39412769052834 -1.1564240534087 -0.802767422572164 0.250085760377266 0.380822760793068
GS1_SS_25841_02609 0.550040615131892 0.761947349379104 1.22959160877076 1.05039664258841 1.26036747553892 0.615067043303325 -1.17737900346801 -0.878058879900264 -1.42656424730052 -1.64993747384361 -1.01456474056549 -0.28190055750415 0.322894862984963 0.638099304884657
GS1_SS_25911_00488 -0.509953596621301 -0.586315368447695 0.175120584906911 1.77232833888386 2.42062419765487 1.26506799746567 -0.399938101068562 -0.814621482173543 -0.606574614034289 -0.805271061133577 -0.515408008894615 -0.547355280781168 -0.428916614274925 -0.418786991481628
GS1_SS_25985_16305 0.428679050780888 1.26894574480592 1.38045473378353 0.688750536531792 0.777609262123324 0.65680785739758 -1.6000876174305 -1.06228905600723 -0.646453451278231 -1.33757687254571 -0.910125748131537 -1.0390580166369 0.781093918028874 0.613249658578202
GS1_SS_26010_02243 0.529155119034657 0.197069158965734 0.642585643186105 1.54278959017526 1.04562601623487 1.2256668056327 -1.28331985198105 -1.50294065406151 -1.29297351361096 -0.898862777569859 -1.09748686560527 -0.193662795504894 0.34964528102647 0.736708844077733
GS1_SS_26041_15157 0.131181311313567 0.359103450869081 1.10224718909141 2.02499523670262 1.04492666481836 0.957259980636054 -0.703911291433819 -0.889360046434853 -1.32881739919488 -1.15460796267876 -1.14786437158781 -0.850022431737664 0.203438889853061 0.251430779783632
GS1_SS_26118_19348 -0.266870257866239 -0.434803717508784 0.204686896810028 1.31976506883653 2.40528695196594 1.43127288603918 -1.05145538131621 -1.15221545710174 -0.434803717508784 -1.13475037729891 -0.303143885149029 -0.230596630583449 -0.125806151766501 -0.226566227552028
GS1_SS_26133_18826 -0.255468824548506 -0.447429651093391 0.0554617358131178 1.04974984935399 2.22220519711316 2.03254330262271 -0.285354941256093 -0.841121765414486 -1.12848827221821 -0.869858416094858 -0.697438512012627 -0.158338945248849 -0.357196567957023 -0.319264189058932
GS1_SS_30624_16118 0.706452749019464 0.786216512138154 1.091159514215 1.25252774267819 0.756765276525099 0.169949406934977 -1.02871588251636 -1.52263764644364 -1.38151714246442 -1.39378849063652 -0.832987879171268 -0.286912885512539 0.617485474771693 1.06600325046218
